37.4452198289 -122.1764176666 0.1579966613
37.4452198287 -122.1764189996 0.1579896161
37.4452188184 -122.1764193317 0.1579540331
37.4452168300 -122.1764273327 0.1579444336
37.4451958273 -122.1764308325 0.1579213425
37.4451588337 -122.1764106972 0.1595475629
37.4451498683 -122.1764005485 0.1625886505
37.4451409167 -122.1763961896 0.1642082298
37.4450711344 -122.1763553603 0.1664056215
37.4451046548 -122.1763378622 0.1690095210
37.4450995066 -122.1763425459 0.1735137175
37.4450594719 -122.1763397551 0.1829285297
37.4450021073 -122.1763402975 0.1980213520
37.4449419293 -122.1763321447 0.2160074620
37.4449899278 -122.1763785236 0.2191511936
37.4450931796 -122.1763858493 0.2214558359
37.4451025020 -122.1763845153 0.2237561717
37.4451548269 -122.1764075296 0.2284571360
37.4451584531 -122.1764115109 0.2302764723
37.4451731581 -122.1763978625 0.2354479363
37.4451686918 -122.1763808655 0.2414276653
37.4451700022 -122.1763955002 0.2414655289
37.4451751193 -122.1765186778 0.2436328135
37.4451556146 -122.1764942076 0.2520919293
37.4451447972 -122.1764975571 0.2644629247
37.4451495199 -122.1764922141 0.2750466426
37.4451687690 -122.1764937065 0.2842348642
37.4451464139 -122.1764745677 0.3005097125
37.4451408382 -122.1764865608 0.3156082181
37.4451391527 -122.1764877262 0.3307465845
37.4451448837 -122.1765518829 0.3439008093
37.4451106781 -122.1765696068 0.3728450876
37.4451025675 -122.1765779297 0.3997946776
37.4451620380 -122.1767143516 0.4051067252
37.4451954901 -122.1767552265 0.4225691842
37.4451701766 -122.1768220613 0.4409923874
37.4451589509 -122.1768212230 0.4582172707
37.4451598446 -122.1768025614 0.4775374912
37.4451450959 -122.1767963870 0.4949026715
37.4451202710 -122.1767869180 0.5228191901
37.4451257565 -122.1767877054 0.5356845395
37.4451086075 -122.1767860399 0.5493312370
37.4450926425 -122.1767627252 0.5696182942
37.4450824539 -122.1767685260 0.5788464941
37.4450715168 -122.1767760167 0.5848657606
37.4450618427 -122.1767635462 0.6018462396
37.4449995676 -122.1767402939 0.6492924425
37.4450014347 -122.1767374479 0.6929396422
37.4450000549 -122.1767036561 0.7531643122
37.4449836887 -122.1766849407 0.7953776995
37.4449506496 -122.1767307712 0.8368100517
37.4449446136 -122.1767512226 0.8592436550
37.4449276713 -122.1767793485 0.8655959260
37.4449280018 -122.1767981520 0.8593889861
37.4449189183 -122.1768138256 0.8562786827
37.4449074572 -122.1768028593 0.8674668496
37.4448995714 -122.1767988546 0.8767703714
37.4448886113 -122.1767891922 0.8877621839
37.4448787503 -122.1767648859 0.9110726438
37.4448671496 -122.1767645437 0.9305781122
37.4448493374 -122.1767620306 0.9443647653
37.4448385162 -122.1767573646 0.9587843832
37.4448259828 -122.1767570136 0.9650352508
37.4448163497 -122.1767685015 0.9657393305
37.4448042633 -122.1767808417 0.9698362789
37.4447938357 -122.1768041672 0.9699542894
37.4447801928 -122.1768721845 0.9783158707
37.4447742069 -122.1769105036 0.9800610742
37.4447645357 -122.1769396702 0.9816345876
37.4447421235 -122.1769748291 0.9796993109
37.4447413425 -122.1769518339 0.9801277428
37.4447285293 -122.1769763357 0.9814535411
37.4447178428 -122.1769763339 0.9819015067
37.4447038876 -122.1769976720 0.9844106285
37.4446910444 -122.1770168370 0.9864629116
37.4446685538 -122.1770430049 0.9889707131
37.4446564379 -122.1770486765 0.9938932910
37.4445889219 -122.1771163411 0.9980929953
37.4445803808 -122.1771178373 1.0003658032
37.4445710962 -122.1771201757 1.0049705727
37.4445628946 -122.1771205056 1.0079355478
37.4445377281 -122.1770988385 1.0108967647
37.4445228116 -122.1770773461 1.0179411083
37.4445209458 -122.1770425253 1.0315994353
37.4445168500 -122.1770333496 1.0406145712
37.4445029709 -122.1770343455 1.0474437024
37.4444891499 -122.1770125287 1.0632252155
37.4444803403 -122.1769973487 1.0719005847
37.4444775027 -122.1769956672 1.0720377934
37.4444769558 -122.1769893290 1.0698040788
37.4444736017 -122.1769841611 1.0664866140
37.4444548786 -122.1769536862 1.0772785984
37.4444487639 -122.1769441758 1.0822417031
37.4444448704 -122.1769325034 1.0841643319
37.4444388582 -122.1769246693 1.0854669100
37.4444343608 -122.1769123355 1.0869115545
37.4444313281 -122.1768996666 1.0866543033
37.4444277524 -122.1768949927 1.0824392035
37.4444186811 -122.1768863343 1.0831792548
37.4443984393 -122.1768598426 1.0887807998
37.4443852072 -122.1768396706 1.0909041124
37.4443759193 -122.1768235078 1.0954839932
37.4443414174 -122.1767509925 1.0910880850
37.4443341404 -122.1767393306 1.0896670414
37.4443285269 -122.1767236694 1.0911076014
37.4443240169 -122.1767110015 1.0920144634
37.4443090214 -122.1766890019 1.0931680692
37.4443030263 -122.1766763354 1.0945911284
37.4442969782 -122.1766761650 1.0934112807
37.4442899873 -122.1766683318 1.0927203272
37.4442881554 -122.1766559989 1.0920851338
37.4442846523 -122.1766446657 1.0912837196
37.4442802462 -122.1766421591 1.0865275667
37.4442699733 -122.1766158306 1.0850607873
37.4442628641 -122.1765990028 1.0867718839
37.4442464274 -122.1765681756 1.0919844363
37.4442334069 -122.1765375067 1.0960721493
37.4442175646 -122.1764948389 1.0996557364
37.4442149013 -122.1764801732 1.1034525083
37.4442165391 -122.1764638365 1.1056292421
37.4442200784 -122.1764561590 1.1006820574
37.4442241040 -122.1764439943 1.0971600089
37.4442300530 -122.1764404897 1.0907736205
37.4442378936 -122.1764364904 1.0847972850
37.4442627526 -122.1763696748 1.0896122067
37.4442662018 -122.1763426702 1.0915708616
37.4442763671 -122.1763190031 1.0934953025
37.4442735681 -122.1762956732 1.0973461580
37.4442876188 -122.1762861778 1.1040741350
37.4442965347 -122.1762785031 1.1060399298
37.4443030083 -122.1762711678 1.1065126802
37.4443098574 -122.1762563352 1.1079024170
37.4443090619 -122.1762583235 1.1019125587
37.4443217121 -122.1762411862 1.1140157901
37.4443334575 -122.1762276783 1.1211299866
37.4443503169 -122.1762013617 1.1392668620
37.4443671989 -122.1761755332 1.1602379112
37.4443816791 -122.1761498644 1.1800995770
37.4443709760 -122.1760772706 1.2457672115
37.4443322830 -122.1759998738 1.2716527187
37.4443160579 -122.1760063382 1.2749887096
37.4443239478 -122.1760236774 1.2816075706
37.4443172590 -122.1760244933 1.2773381807
37.4442602279 -122.1759751264 1.3579479874
37.4441561781 -122.1759263946 1.5032155063
37.4440049546 -122.1758465254 1.7322268109
37.4436945707 -122.1757363682 2.1807691754
37.4432870751 -122.1756925499 2.7460616864
37.4427511856 -122.1756903318 3.4925647009
37.4422846294 -122.1757005388 4.1589440835
37.4419591854 -122.1758540900 4.6449618358
37.4417189658 -122.1759057832 5.0409260961
37.4416077378 -122.1759026266 5.3365060514
37.4421223354 -122.1759103634 5.3560748067
37.4423883655 -122.1759114123 5.2995866375
37.4426338033 -122.1759570737 5.2394181082
37.4428894312 -122.1760429183 5.1866807659
37.4428254540 -122.1760504807 5.1742132707
37.4429824723 -122.1759999370 5.1335262680
37.4431130181 -122.1759975780 5.0759780811
37.4432475585 -122.1759171119 5.0402923991
37.4432416685 -122.1759050916 4.9914914296
37.4432745606 -122.1758927630 4.9461317328
37.4433114309 -122.1758824333 4.9028771427
37.4433491352 -122.1758769368 4.8618487164
37.4433878299 -122.1758722723 4.8224246055
37.4434283579 -122.1758664418 4.7846258331
37.4434665613 -122.1758587781 4.7489502383
37.4435019246 -122.1758504479 4.7150410449
37.4435449678 -122.1758419518 4.6836600940
37.4435939879 -122.1758361206 4.6534493932
37.4435858701 -122.1758252759 4.6162662634
37.4436125288 -122.1758171092 4.5785755528
37.4436278199 -122.1758157714 4.5383897413
37.4436439020 -122.1758864911 4.5325984365
37.4435906264 -122.1758751030 4.4908050227
37.4436026176 -122.1758680870 4.4385926607
37.4436273240 -122.1758624236 4.3886915092
37.4436681304 -122.1758532693 4.3470827372
37.4436128100 -122.1758625893 4.2963073709
37.4436502599 -122.1758437659 4.2524432725
37.4436861489 -122.1758221050 4.2118822292
37.4437186956 -122.1757996092 4.1740759710
37.4437491951 -122.1757826092 4.1362266181
37.4437752174 -122.1757669442 4.0996839594
37.4438029128 -122.1757516138 4.0648192405
37.4438275816 -122.1757411139 4.0300478940
37.4438539422 -122.1757256165 3.9969064435
37.4438950931 -122.1757036150 3.9627934750
37.4439180783 -122.1757006136 3.9277885543
37.4439358921 -122.1756957779 3.8916357447
37.4439570823 -122.1756882800 3.8568530175
37.4439737418 -122.1756812794 3.8216691650
37.4439884070 -122.1756742793 3.7863708496
37.4440232963 -122.1756512844 3.7544160199
37.4440396380 -122.1756462851 3.7229077591
37.4440558045 -122.1756442851 3.6914250420
37.4440748127 -122.1756347859 3.6604235781
37.4440852246 -122.1756294449 3.6241579974
37.4441047593 -122.1756227810 3.5899530000
37.4441254839 -122.1756062862 3.5591773819
37.4441503979 -122.1755867936 3.5332227017
37.4441734152 -122.1755747951 3.5082952508
37.4441964098 -122.1755627946 3.4830393532
37.4442193853 -122.1755552924 3.4563180887
37.4442511893 -122.1755439567 3.4278015056
37.4442835267 -122.1755346241 3.3995415200
37.4443145430 -122.1755246256 3.3722470073
37.4443349059 -122.1755151283 3.3467386425
37.4443595920 -122.1755021300 3.3223615056
37.4443894291 -122.1754906304 3.2982271395
37.4444196364 -122.1754813000 3.2764971089
37.4444588110 -122.1754629677 3.2552170496
37.4444894631 -122.1754502995 3.2331034679
37.4445087928 -122.1754396331 3.2107323667
37.4445357749 -122.1754311315 3.1872865639
37.4445662993 -122.1754236337 3.1652964662
37.4445976350 -122.1754167999 3.1434645440
37.4446300335 -122.1754033059 3.1255439471
37.4446461797 -122.1753921380 3.1063814008
37.4446701575 -122.1753804690 3.0858856570
37.4446957976 -122.1753709665 3.0637781669
37.4447246709 -122.1753566372 3.0440798189
37.4447410282 -122.1753443054 3.0258295383
37.4447609708 -122.1753336342 3.0041456850
37.4447813288 -122.1753204694 2.9838964721
37.4448043449 -122.1753093038 2.9646048903
37.4448324695 -122.1753029671 2.9428358539
37.4448461080 -122.1752976163 2.9093510090
37.4448076430 -122.1752811800 2.9179177027
37.4446192169 -122.1752535037 3.0307873518
37.4446356709 -122.1752590306 3.0510368494
37.4446499595 -122.1752354963 3.0486097589
37.4446575729 -122.1752367943 3.0230120616
37.4446816287 -122.1752356182 2.9907457295
37.4447135724 -122.1752314612 2.9651146323
37.4446898516 -122.1752259714 2.9462058256
37.4446980952 -122.1752151303 2.9219398436
37.4447431218 -122.1752101327 2.8992670708
37.4447710013 -122.1752058029 2.8793803526
37.4447965423 -122.1751978067 2.8619457976
37.4448243791 -122.1751889739 2.8446776895
37.4448636746 -122.1751743035 2.8251587262
37.4448900115 -122.1751666379 2.8058747602
37.4449202188 -122.1751588075 2.7890087449
37.4449783876 -122.1751348077 2.7722477446
37.4449982755 -122.1751317975 2.7487614306
37.4450221275 -122.1751239662 2.7264139133
37.4450446809 -122.1751086381 2.7072686434
37.4450741233 -122.1750939810 2.6946844364
37.4450662042 -122.1750799732 2.6769371541
37.4450814612 -122.1750742993 2.6546224285
37.4451005121 -122.1750648039 2.6353618885
37.4451281679 -122.1750588029 2.6154287450
37.4451656561 -122.1750529840 2.6048101937
37.4451934432 -122.1750453127 2.5913773358
37.4452196922 -122.1750383051 2.5728993014
37.4452463676 -122.1750316399 2.5549264817
37.4452692604 -122.1750234783 2.5405447493
37.4452898978 -122.1750209756 2.5243847803
37.4453078709 -122.1750181402 2.5066055115
37.4453116486 -122.1750137860 2.4754778438
37.4453244577 -122.1749991330 2.4529412196
37.4453509279 -122.1750004633 2.4286143687
37.4453669610 -122.1750059663 2.4062766896
37.4453887138 -122.1750221411 2.3890895990
37.4454244085 -122.1750271436 2.3735660427
37.4454829232 -122.1750296449 2.3589271308
37.4457431780 -122.1751441227 2.3295564477
37.4457485423 -122.1751466255 2.3020677578
37.4457631620 -122.1751452872 2.2717338352
37.4457680173 -122.1751432893 2.2427410862
37.4457736980 -122.1751437905 2.2145715492
37.4457762048 -122.1751452911 2.1868087972
37.4457835288 -122.1751414573 2.1585014660
37.4457871864 -122.1751391234 2.1296298783
37.4457925513 -122.1751401263 2.1026746893
37.4457953807 -122.1751374590 2.0755019063
37.4457987487 -122.1751397951 2.0503714220
37.4457938385 -122.1751319702 2.0306345121
37.4457875762 -122.1751208097 2.0152049284
37.4457893345 -122.1751221369 1.9952259743
37.4457914615 -122.1751239663 1.9729079726
37.4457902742 -122.1751226314 1.9493096819
37.4457720297 -122.1751329725 1.9310850413
37.4460935580 -122.1757528383 1.9345712687
37.4462013380 -122.1757909391 2.0049344170
37.4461298160 -122.1760996193 2.0840129896
37.4461209443 -122.1761700403 2.1107105396
37.4460906507 -122.1761662108 2.1397783906
37.4460942365 -122.1761801884 2.1539892019
37.4460950616 -122.1762106877 2.1677242848
37.4460932198 -122.1762386869 2.1809359698
37.4460657138 -122.1762171712 2.1837488163
37.4460343160 -122.1762041655 2.1827247393
37.4460242928 -122.1762124964 2.1803084502
37.4460109097 -122.1762029918 2.1748828243
37.4460164627 -122.1762378296 2.1726400785
37.4459722685 -122.1762338272 2.1687646255
37.4459489301 -122.1762529937 2.1645629370
37.4459177284 -122.1762524754 2.1482358539
37.4458894015 -122.1761884759 2.1322780177
37.4457050614 -122.1763933234 2.1259328718
37.4456652113 -122.1764133220 2.1186187733
37.4456312105 -122.1764259889 2.1112547372
37.4456097189 -122.1764419897 2.1043958268
37.4455939043 -122.1764646583 2.0986437086
37.4455537118 -122.1764923220 2.0913601843
37.4454990481 -122.1765381562 2.0842156268
37.4454432059 -122.1765516555 2.0765726150
37.4454388730 -122.1765729885 2.0689382104
37.4454256870 -122.1766033198 2.0601628784
37.4453972029 -122.1766304882 2.0523445279
37.4453879221 -122.1766504929 2.0476609489
37.4453520814 -122.1766866592 2.0425132596
37.4453315492 -122.1767009893 2.0354337034
37.4453176620 -122.1767263325 2.0351303258
37.4452800891 -122.1767529929 2.0304494582
37.4452623168 -122.1767639834 2.0194352102
37.4452485573 -122.1767663231 2.0128432966
37.4452485588 -122.1767663232 2.0063404730
