%lat                 lon                   alt    unix         speed                  crs
37.445221167         -122.176417667        20     1562009509   0.158                  0 
37.445219833000003   -122.176417667        21     1562009511   0.14000000000000001    0 
37.445219833000003   -122.176419           22     1562009513   0.13900000000000001    0 
37.445218832999998   -122.176419333        23     1562009515   0.094                  0 
37.445216833000003   -122.17642733300001   24     1562009519   0.14499999999999999    0 
37.445195833         -122.176430833        23     1562009534   0.13300000000000001    0 
37.445158499999998   -122.176410667        23     1562009548   1.623                  112.02 
37.445149333000003   -122.1764005          21     1562009549   2.5099999999999998     130.43000000000001 
37.445140666999997   -122.17639616699999   20     1562009550   1.2589999999999999     0 
37.445070833000003   -122.176355333        17     1562009561   1.488                  0 
37.445104333000003   -122.17633783300001   15     1562009562   1.5800000000000001     0 
37.445098999999999   -122.1763425          13     1562009563   2.395                  0 
37.445058500000002   -122.17633966699999   9      1562009564   4.4450000000000003     160.63 
37.445000667000002   -122.17634016700001   6      1562009565   6.5140000000000002     171.83000000000001 
37.444940332999998   -122.176332           4      1562009566   7.2160000000000002     173.47999999999999 
37.444989667000002   -122.1763785          -1     1562009568   1.363                  0 
37.445093            -122.176385833        1      1562009570   1.0089999999999999     0 
37.445102333000001   -122.1763845          -1     1562009571   0.96499999999999997    0 
37.445154500000001   -122.1764075          7      1562009574   1.6619999999999999     0 
37.445158333000002   -122.1764115          4      1562009575   0.75700000000000001    0 
37.445172833000001   -122.176397833        2      1562009576   1.661                  0 
37.445168332999998   -122.176380833        -1     1562009577   1.8149999999999999     0 
37.445169999999997   -122.1763955          -4     1562009578   0.251                  0 
37.445174999999999   -122.176518667        14     1562009584   0.76700000000000002    0 
37.445155167000003   -122.176494167        12     1562009585   2.2149999999999999     0 
37.445144167000002   -122.1764975          8      1562009586   3.028                  169.66999999999999 
37.445149000000001   -122.17649216700001   7      1562009587   2.5550000000000002     147.03 
37.445168332999998   -122.176493667        7      1562009588   2.1960000000000002     0 
37.445145666999998   -122.1764745          5      1562009589   3.5760000000000001     138.50999999999999 
37.445140166999998   -122.1764865          4      1562009590   3.2589999999999999     141.28 
37.445138499999999   -122.176487667        -3     1562009592   3.1930000000000001     142.11000000000001 
37.445144333000002   -122.176551833        1      1562009594   2.7589999999999999     160.66 
37.445109500000001   -122.1765695          -1     1562009595   5.5389999999999997     178.84999999999999 
37.4451015           -122.176577833        -3     1562009596   5.0810000000000004     176.56999999999999 
37.445161833         -122.17671433300001   8      1562009605   1.304                  0 
37.445194833000002   -122.176755167        19     1562009606   3.3039999999999998     116.70999999999999 
37.445169499999999   -122.176822           26     1562009607   3.4079999999999999     125.52 
37.445158333000002   -122.176821167        27     1562009608   3.1680000000000001     136.44999999999999 
37.445159167         -122.17680249999999   28     1562009609   3.4489999999999998     117.97 
37.445144499999998   -122.176796333        27     1562009610   3.1080000000000001     117.8 
37.445119333000001   -122.17678683299999   28     1562009612   4.6360000000000001     112.92 
37.445125333         -122.176787667        27     1562009613   2.3929999999999998     0 
37.445108167000001   -122.17678600000001   24     1562009614   2.4809999999999999     0 
37.445092000000002   -122.17676266700001   20     1562009615   3.387                  115.06 
37.445082167000002   -122.17676849999999   18     1562009616   1.837                  0 
37.445071333000001   -122.176776           16     1562009617   1.391                  0 
37.445061332999998   -122.17676350000001   13     1562009618   2.8370000000000002     115.86 
37.444998167000001   -122.17674016700001   20     1562009621   6.7910000000000004     111.48 
37.445000167000003   -122.17673733300001   12     1562009622   6.2519999999999998     109.18000000000001 
37.444998333000001   -122.1767035          3      1562009623   8.3040000000000003     103.88 
37.444982500000002   -122.176684833        -1     1562009624   6.008                  108.37 
37.4449495           -122.176730667        13     1562009626   5.8780000000000001     100.27 
37.444944            -122.17675116700001   9      1562009627   3.5499999999999998     102.70999999999999 
37.444927499999999   -122.176779333        8      1562009628   1.617                  103.05 
37.444928167         -122.176798167        6      1562009629   0.13500000000000001    0 
37.444918999999999   -122.176813833        4      1562009630   0.498                  0 
37.444907166999997   -122.176802833        4      1562009631   2.1400000000000001     114.75 
37.444899333000002   -122.17679883300001   3      1562009632   1.9219999999999999     117.20999999999999 
37.444888333000002   -122.176789167        2      1562009633   2.1080000000000001     118.12 
37.444878166999999   -122.17676483299999   -2     1562009634   3.4689999999999999     111.25 
37.444866666999999   -122.1767645          -3     1562009635   3.0470000000000002     111.93000000000001 
37.444848999999998   -122.176762           -5     1562009637   2.4239999999999999     112.25 
37.444838167         -122.176757333        -6     1562009638   2.4900000000000002     115.89 
37.444825833000003   -122.17675699999999   -6     1562009639   1.6220000000000001     0 
37.444816332999999   -122.17676849999999   -7     1562009640   1.0389999999999999     0 
37.444804167000001   -122.176780833        -6     1562009641   1.3919999999999999     0 
37.444793832999999   -122.176804167        -5     1562009642   0.98199999999999998    0 
37.444780000000002   -122.176872167        -3     1562009644   1.8240000000000001     157.94 
37.444774166999998   -122.17691050000001   -2     1562009645   1.155                  0 
37.444764499999998   -122.176939667        -1     1562009646   1.1379999999999999     0 
37.444742167000001   -122.176974833        -3     1562009649   0.78900000000000003    0 
37.444741333000003   -122.176951833        -8     1562009650   1.022                  0 
37.444728499999997   -122.176976333        -5     1562009651   1.1100000000000001     0 
37.444717832999999   -122.176976333        -6     1562009652   1.0249999999999999     0 
37.444703832999998   -122.17699766699999   -3     1562009653   1.224                  0 
37.444690999999999   -122.177016833        -2     1562009654   1.181                  0 
37.444668499999999   -122.177043           -1     1562009656   1.2250000000000001     0 
37.444656332999998   -122.17704866699999   -2     1562009657   1.454                  0 
37.444588832999997   -122.177116333        3      1562009662   1.3879999999999999     166.03 
37.444580332999998   -122.177117833        4      1562009663   1.21                   0 
37.444571000000003   -122.177120167        6      1562009664   1.427                  0 
37.444562832999999   -122.1771205          7      1562009665   1.278                  0 
37.444537666999999   -122.177098833        8      1562009669   1.2789999999999999     0 
37.444522667000001   -122.177077333        9      1562009671   1.6519999999999999     0 
37.444520666999999   -122.1770425          7      1562009672   2.254                  116.70999999999999 
37.444516667000002   -122.177033333        8      1562009673   1.843                  109.63 
37.444502833000001   -122.17703433299999   11     1562009674   1.6519999999999999     116.55 
37.444488833000001   -122.1770125          14     1562009675   2.4529999999999998     124.22 
37.444480167000002   -122.176997333        12     1562009676   1.8320000000000001     124.48 
37.444477499999998   -122.176995667        11     1562009677   1.0840000000000001     123.39 
37.444476999999999   -122.17698933299999   12     1562009678   0.876                  118.86 
37.444473666999997   -122.176984167        13     1562009679   0.78000000000000003    117.22 
37.444454667000002   -122.17695366700001   13     1562009680   2.0049999999999999     126.34 
37.444448667000003   -122.176944167        14     1562009681   1.5069999999999999     127.08 
37.444444832999999   -122.17693250000001   13     1562009682   1.248                  122.7 
37.444438833         -122.17692466699999   14     1562009683   1.196                  120.43000000000001 
37.444434332999997   -122.176912333        13     1562009684   1.2090000000000001     115.79000000000001 
37.444431332999997   -122.176899667        11     1562009685   1.0649999999999999     111.66 
37.444427832999999   -122.176895           10     1562009686   0.72899999999999998    108.94 
37.444418667000001   -122.176886333        9      1562009687   1.145                  122.5 
37.444398333000002   -122.17685983299999   9      1562009689   1.5549999999999999     126.34 
37.444385167         -122.176839667        10     1562009691   1.2669999999999999     124.56 
37.444375833000002   -122.1768235          11     1562009692   1.474                  121.06999999999999 
37.4443415           -122.176751           11     1562009698   0.72899999999999998    0 
37.444334167000001   -122.176739333        11     1562009699   0.97299999999999998    121.01000000000001 
37.444328499999997   -122.176723667        11     1562009700   1.2090000000000001     117.93000000000001 
37.444324000000002   -122.176711           12     1562009701   1.1659999999999999     113.11 
37.444308999999997   -122.176689           12     1562009703   1.1870000000000001     122.56 
37.444302999999998   -122.176676333        11     1562009704   1.21                   121.78 
37.444296999999999   -122.176676167        10     1562009705   0.998                  127.11 
37.444290000000002   -122.17666833299999   10     1562009706   1.0369999999999999     132.96000000000001 
37.444288167000003   -122.17665599999999   10     1562009707   1.0409999999999999     118.68000000000001 
37.444284666999998   -122.17664466700001   10     1562009708   1.0269999999999999     114.95 
37.444280333000002   -122.176642167        9      1562009709   0.70599999999999996    0 
37.444270000000003   -122.176615833        10     1562009712   0.96799999999999997    0 
37.444262833000003   -122.176599           9      1562009713   1.2230000000000001     120.7 
37.444246333000002   -122.176568167        9      1562009715   1.506                  124.47 
37.444233333         -122.17653749999999   10     1562009717   1.4199999999999999     120.95999999999999 
37.444217500000001   -122.17649483300001   10     1562009720   1.383                  115.90000000000001 
37.444214832999997   -122.17648016699999   10     1562009721   1.403                  110.84999999999999 
37.444216500000003   -122.176463833        9      1562009722   1.2769999999999999     103.92 
37.444220166999997   -122.176456167        8      1562009723   0.71199999999999997    96.689999999999998 
37.444224167000002   -122.176444           8      1562009724   0.82099999999999995    78.719999999999999 
37.444230167000001   -122.1764405          8      1562009725   0.59099999999999997    0 
37.444237999999999   -122.17643649999999   7      1562009726   0.61799999999999999    0 
37.444262666999997   -122.176369667        9      1562009728   1.4650000000000001     53.159999999999997 
37.444266167000002   -122.176342667        13     1562009729   1.244                  48.32 
37.444276332999998   -122.17631900000001   15     1562009730   1.2430000000000001     36.82 
37.444273500000001   -122.17629566700001   17     1562009731   1.3959999999999999     36.899999999999999 
37.444287500000002   -122.176286167        18     1562009732   1.625                  33.280000000000001 
37.4442965           -122.1762785          19     1562009733   1.258                  30.489999999999998 
37.444302999999998   -122.176271167        19     1562009734   1.143                  25.260000000000002 
37.444309832999998   -122.176256333        18     1562009735   1.2150000000000001     29.84 
37.444309167         -122.17625833300001   17     1562009736   0.64100000000000001    0 
37.444321500000001   -122.176241167        16     1562009737   2.044                  31.670000000000002 
37.444333333000003   -122.17622766700001   14     1562009738   1.667                  32.57 
37.44435             -122.17620133299999   13     1562009739   2.5289999999999999     38.619999999999997 
37.444366832999997   -122.1761755          11     1562009740   2.7650000000000001     42.520000000000003 
37.444381333000003   -122.176149833        9      1562009741   2.698                  51.609999999999999 
37.444369833000003   -122.176077167        3      1562009742   6.258                  97.299999999999997 
37.444331833         -122.17599983300001   -3     1562009744   3.2450000000000001     109.45 
37.444316000000001   -122.176006333        -5     1562009745   1.5289999999999999     0 
37.444323832999999   -122.176023667        -8     1562009746   1.7849999999999999     0 
37.444317333000001   -122.1760245          -13    1562009747   0.95299999999999996    0 
37.444258832999999   -122.17597499999999   -17    1562009748   7.4749999999999996     150.43000000000001 
37.444153667000002   -122.175926167        -24    1562009749   12.515000000000001     158.37 
37.444001            -122.175846167        -32    1562009750   19.074000000000002     155.19 
37.443686833000001   -122.175735667        -54    1562009751   36.112000000000002     165.41 
37.443277332999997   -122.175691667        -98    1562009752   45.466999999999999     172.00999999999999 
37.442738333000001   -122.175689167        -168   1562009753   59.853999999999999     175.91999999999999 
37.442273167000003   -122.17569949999999   -172   1562009754   54.423999999999999     178.36000000000001 
37.441950833         -122.17585333300001   -196   1562009755   41.271999999999998     178.13999999999999 
37.441712166999999   -122.175905167        -218   1562009756   34.854999999999997     177.78 
37.441602666999998   -122.175902167        -232   1562009757   27.573                 177.06999999999999 
37.442121999999998   -122.175910333        -216   1562009759   6.827                  171.63 
37.442389333000001   -122.1759115          -188   1562009760   1.0569999999999999     0 
37.442634833         -122.17595716700001   -202   1562009761   0.72399999999999998    0 
37.442890333000001   -122.17604300000001   -209   1562009762   1.232                  0 
37.442825667000001   -122.1760505          -217   1562009763   4.2400000000000002     0 
37.442983167000001   -122.176              -222   1562009764   2.0870000000000002     0 
37.443114000000001   -122.175997667        -213   1562009765   0.77000000000000002    0 
37.443248167         -122.17591716699999   -183   1562009766   2.3719999999999999     0 
37.443242499999997   -122.175905167        -186   1562009767   1.345                  0 
37.443275333000003   -122.17589283300001   -182   1562009768   1.5589999999999999     0 
37.443312167000002   -122.1758825          -179   1562009769   1.675                  0 
37.443349832999999   -122.175877           -175   1562009770   1.802                  0 
37.443388499999998   -122.175872333        -172   1562009771   1.8839999999999999     0 
37.443429000000002   -122.1758665          -168   1562009772   1.9690000000000001     0 
37.443467167000001   -122.17585883300001   -165   1562009773   2.093                  89.780000000000001 
37.443502500000001   -122.1758505          -162   1562009774   2.1920000000000002     44.229999999999997 
37.443545499999999   -122.175842           -157   1562009775   2.3500000000000001     31.440000000000001 
37.443594500000003   -122.175836167        -152   1562009776   2.4079999999999999     26.739999999999998 
37.443586500000002   -122.17582533300001   -155   1562009777   1.8540000000000001     33.960000000000001 
37.443613167000002   -122.17581716700001   -153   1562009778   1.78                   35.5 
37.443628500000003   -122.175815833        -153   1562009779   1.556                  0 
37.443643999999999   -122.1758865          -151   1562009780   4.1029999999999998     313.13 
37.443591333000001   -122.175875167        -158   1562009781   1.3919999999999999     0 
37.443603500000002   -122.175868167        -157   1562009782   0.56899999999999995    0 
37.443628167         -122.17586249999999   -155   1562009783   0.69199999999999995    0 
37.443668832999997   -122.17585333300001   -151   1562009784   1.266                  0 
37.443613667000001   -122.175862667        -164   1562009785   0.53800000000000003    0 
37.443651000000003   -122.175843833        -158   1562009786   1.0069999999999999     0 
37.443686833000001   -122.17582216700001   -153   1562009787   1.212                  0 
37.443719332999997   -122.17579966700001   -148   1562009788   1.379                  0 
37.443749832999998   -122.17578266699999   -143   1562009789   1.339                  337.25999999999999 
37.443775832999997   -122.17576699999999   -140   1562009790   1.3999999999999999     19.210000000000001 
37.443803500000001   -122.175751667        -137   1562009791   1.49                   26.949999999999999 
37.443828166999999   -122.175741167        -134   1562009792   1.4630000000000001     26.050000000000001 
37.4438545           -122.17572566699999   -131   1562009793   1.5509999999999999     30 
37.443895667         -122.17570366699999   -129   1562009795   1.446                  28.359999999999999 
37.443918666999998   -122.175700667        -127   1562009796   1.3460000000000001     25.59 
37.4439365           -122.17569583300001   -126   1562009797   1.226                  25.02 
37.443957666999999   -122.175688333        -125   1562009798   1.2929999999999999     25.039999999999999 
37.443974333         -122.175681333        -124   1562009799   1.2290000000000001     27.039999999999999 
37.443989000000002   -122.175674333        -123   1562009800   1.1859999999999999     26.760000000000002 
37.444023833000003   -122.175651333        -121   1562009802   1.401                  24.670000000000002 
37.444040166999997   -122.175646333        -120   1562009803   1.403                  22.260000000000002 
37.444056332999999   -122.17564433299999   -118   1562009804   1.3740000000000001     17.5 
37.444075333000001   -122.175634833        -116   1562009805   1.379                  17.129999999999999 
37.444085833000003   -122.1756295          -114   1562009806   0.95599999999999996    0 
37.444105333000003   -122.17562283300001   -111   1562009807   1.0740000000000001     0 
37.444125999999997   -122.175606333        -109   1562009808   1.296                  21.739999999999998 
37.444150833000002   -122.175586833        -106   1562009809   1.625                  32.740000000000002 
37.444173833000001   -122.175574833        -104   1562009810   1.6759999999999999     36.329999999999998 
37.444196832999999   -122.175562833        -102   1562009811   1.627                  35.640000000000001 
37.444219832999998   -122.17555533300001   -100   1562009812   1.4930000000000001     33.140000000000001 
37.444251667000003   -122.175544           -97    1562009813   1.333                  32.079999999999998 
37.444284000000003   -122.17553466699999   -93    1562009814   1.3240000000000001     29.920000000000002 
37.444315000000003   -122.175524667        -90    1562009815   1.3680000000000001     29.940000000000001 
37.444335332999998   -122.175515167        -88    1562009816   1.474                  32.359999999999999 
37.444360000000003   -122.175502167        -87    1562009817   1.5329999999999999     38.469999999999999 
37.444389833000002   -122.17549066700001   -84    1562009818   1.5269999999999999     37.369999999999997 
37.444420000000001   -122.17548133299999   -82    1562009819   1.6819999999999999     31.25 
37.444459166999998   -122.17546299999999   -80    1562009821   1.694                  34.07 
37.444489832999999   -122.175450333        -77    1562009822   1.611                  35.469999999999999 
37.444509167         -122.17543966700001   -75    1562009823   1.5700000000000001     37.609999999999999 
37.444536167000003   -122.175431167        -73    1562009824   1.468                  35.719999999999999 
37.444566666999997   -122.175423667        -70    1562009825   1.5529999999999999     28.59 
37.444597999999999   -122.175416833        -67    1562009826   1.5429999999999999     25.600000000000001 
37.444630332999999   -122.17540333300001   -65    1562009827   1.8120000000000001     30.460000000000001 
37.444646499999998   -122.175392167        -64    1562009828   1.702                  35.189999999999998 
37.444670500000001   -122.1753805          -62    1562009829   1.5840000000000001     37.189999999999998 
37.444696166999996   -122.175371           -59    1562009830   1.444                  36 
37.444724999999998   -122.175356667        -56    1562009831   1.601                  39.840000000000003 
37.444741333000003   -122.175344333        -55    1562009832   1.6890000000000001     41.950000000000003 
37.444761333000002   -122.175333667        -53    1562009833   1.4159999999999999     42.310000000000002 
37.444781667000001   -122.1753205          -51    1562009834   1.5009999999999999     40.609999999999999 
37.444804667         -122.175309333        -50    1562009835   1.552                  35.090000000000003 
37.444832833         -122.175303           -47    1562009836   1.349                  30.960000000000001 
37.444846667         -122.175297667        -44    1562009837   0.45800000000000002    0 
37.444807500000003   -122.17528116699999   -45    1562009838   3.5449999999999999     145.77000000000001 
37.444617332999997   -122.175253333        -58    1562009840   11.292                 168.50999999999999 
37.444635333000001   -122.175259           -60    1562009841   4.5330000000000004     167.22999999999999 
37.444650000000003   -122.1752355          -58    1562009842   2.871                  157.21000000000001 
37.444657999999997   -122.175236833        -59    1562009843   1.1499999999999999     0 
37.444682167000003   -122.175235667        -58    1562009844   0.63                   0 
37.444713999999998   -122.1752315          -56    1562009845   1.0900000000000001     0 
37.444690166999997   -122.17522599999999   -58    1562009846   1.5629999999999999     159.56999999999999 
37.444698500000001   -122.175215167        -60    1562009847   1.147                  0 
37.444743500000001   -122.175210167        -59    1562009849   1.2410000000000001     98.859999999999999 
37.444771332999998   -122.17520583300001   -58    1562009850   1.425                  54.479999999999997 
37.444796832999998   -122.175197833        -57    1562009851   1.587                  43.469999999999999 
37.444824666999999   -122.175189           -55    1562009852   1.5820000000000001     40.75 
37.444864000000003   -122.175174333        -54    1562009854   1.3979999999999999     36.049999999999997 
37.444890332999996   -122.175166667        -53    1562009855   1.3959999999999999     31.620000000000001 
37.444920500000002   -122.175158833        -51    1562009856   1.556                  24.890000000000001 
37.444978667000001   -122.175134833        -50    1562009859   1.5469999999999999     21.420000000000002 
37.444998667         -122.17513183299999   -48    1562009860   1.032                  0 
37.4450225           -122.175124           -47    1562009861   1.093                  19.690000000000001 
37.445045            -122.175108667        -46    1562009862   1.3080000000000001     29.27 
37.445074333000001   -122.175094           -44    1562009863   1.7749999999999999     32.539999999999999 
37.445066500000003   -122.17507999999999   -44    1562009864   1.3799999999999999     67.969999999999999 
37.445081833000003   -122.175074333        -44    1562009865   1.024                  73.700000000000003 
37.445100832999998   -122.17506483299999   -43    1562009866   1.228                  65.930000000000007 
37.445128500000003   -122.17505883299999   -41    1562009867   1.159                  51.460000000000001 
37.445165832999997   -122.17505300000001   -39    1562009868   1.829                  30.850000000000001 
37.445193666999998   -122.175045333        -37    1562009869   1.6100000000000001     27.719999999999999 
37.445219999999999   -122.175038333        -35    1562009870   1.2230000000000001     28.469999999999999 
37.445246666999999   -122.175031667        -33    1562009871   1.242                  27.16 
37.445269500000002   -122.17502349999999   -32    1562009872   1.49                   26.699999999999999 
37.445290167000003   -122.175021           -31    1562009873   1.3440000000000001     18.809999999999999 
37.445308167         -122.175018167        -30    1562009874   1.208                  15.720000000000001 
37.445312166999997   -122.17501383299999   -29    1562009875   0.20200000000000001    0 
37.445324833000001   -122.174999167        -27    1562009876   0.80700000000000005    0 
37.445351332999998   -122.1750005          -26    1562009878   0.65200000000000002    0 
37.445367333         -122.175006           -25    1562009879   0.77500000000000002    0 
37.445388999999999   -122.17502216699999   -24    1562009880   1.1339999999999999     0 
37.445424666999997   -122.175027167        -21    1562009881   1.24                   0 
37.445483166999999   -122.175029667        -15    1562009882   1.29                   346.56999999999999 
37.445743667000002   -122.175144167        7      1562009901   0.185                  0 
37.445748999999999   -122.17514666700001   8      1562009903   0.29499999999999998    0 
37.445763667000001   -122.175145333        9      1562009906   0.057000000000000002   0 
37.4457685           -122.17514333299999   10     1562009907   0.126                  0 
37.445774167000003   -122.17514383300001   11     1562009909   0.158                  0 
37.445776666999997   -122.175145333        12     1562009912   0.16                   0 
37.445784000000003   -122.1751415          13     1562009914   0.091999999999999998   0 
37.445787666999998   -122.175139167        14     1562009915   0.021999999999999999   0 
37.445793000000002   -122.175140167        15     1562009917   0.13500000000000001    0 
37.445795832999998   -122.17513750000001   16     1562009919   0.091999999999999998   0 
37.445799166999997   -122.175139833        17     1562009921   0.216                  0 
37.445794167000003   -122.175132           18     1562009922   0.58999999999999997    0 
37.445787832999997   -122.17512083299999   19     1562009923   0.88900000000000001    85.879999999999995 
37.445789667         -122.175122167        20     1562009924   0.53700000000000003    0 
37.445791833000001   -122.175124           21     1562009925   0.34399999999999997    0 
37.445790666999997   -122.175122667        22     1562009927   0.22700000000000001    0 
37.445772333000001   -122.175133           21     1562009932   0.60099999999999998    0 
37.446093500000003   -122.175752833        7      1562009977   2.1890000000000001     0 
37.446200167000001   -122.17579083299999   2      1562009979   7.1399999999999997     340.38999999999999 
37.4461285           -122.17609950000001   23     1562009997   7.8550000000000004     272.42000000000002 
37.446120499999999   -122.17617            39     1562009998   4.0590000000000002     0 
37.446090167000001   -122.17616616700001   45     1562009999   4.2610000000000001     268.18000000000001 
37.446094000000002   -122.176180167        50     1562010000   3.1909999999999998     270.80000000000001 
37.446094832999997   -122.17621066700001   59     1562010001   3.1699999999999999     271.44999999999999 
37.446092999999998   -122.17623866700001   68     1562010002   3.145                  269.79000000000002 
37.446065666999999   -122.176217167        67     1562010003   2.3889999999999998     0 
37.446034333         -122.17620416699999   70     1562010005   2.1080000000000001     0 
37.446024332999997   -122.17621250000001   74     1562010006   2.004                  0 
37.446010999999999   -122.176203           75     1562010007   1.7789999999999999     0 
37.446016499999999   -122.176237833        78     1562010008   2.0089999999999999     0 
37.445972333         -122.176233833        74     1562010010   1.8859999999999999     0 
37.445948999999999   -122.176253           82     1562010012   1.8580000000000001     0 
37.445917999999999   -122.1762525          52     1562010016   0.95699999999999996    0 
37.445889667000003   -122.17618849999999   50     1562010022   0.96799999999999997    0 
37.445705167         -122.17639333299999   50     1562010037   1.663                  254.00999999999999 
37.445665333000001   -122.176413333        49     1562010038   1.585                  237.65000000000001 
37.445631333000001   -122.17642600000001   49     1562010039   1.5740000000000001     228.77000000000001 
37.445609832999999   -122.17644199999999   49     1562010040   1.6040000000000001     222.90000000000001 
37.445594            -122.176464667        49     1562010041   1.679                  0 
37.445553832999998   -122.176492333        48     1562010044   1.5600000000000001     0 
37.445499167000001   -122.176538167        47     1562010049   1.5629999999999999     0 
37.445443333         -122.176551667        46     1562010053   1.5189999999999999     0 
37.445439            -122.176573           46     1562010054   1.512                  219.75 
37.445425833000002   -122.176603333        45     1562010056   1.4199999999999999     216.97 
37.445397333000003   -122.1766305          45     1562010059   1.482                  211.63 
37.445388000000001   -122.17665049999999   44     1562010060   1.706                  212.02000000000001 
37.445352167000003   -122.176686667        44     1562010063   1.667                  217.21000000000001 
37.445331666999998   -122.17670099999999   43     1562010065   1.5189999999999999     215.41 
37.445317666999998   -122.176726333        43     1562010066   2.0129999999999999     219.96000000000001 
37.445280167         -122.17675300000001   43     1562010069   1.6890000000000001     213.50999999999999 
37.445262499999998   -122.17676400000001   42     1562010071   1.216                  0 
37.445248667000001   -122.176766333        42     1562010072   1.532                  204.03 
