lattitude,longitude
0.000000,0.000000
0.000000,0.000000
0.000000,0.000000
0.000000,0.000000
0.000000,0.000000
0.000000,0.000000
0.000000,0.000000
0.000000,0.000000
0.000000,0.000000
0.000000,0.000000
0.000000,0.000000
0.000000,0.000000
0.000000,0.000000
0.000000,0.000000
0.000000,0.000000
0.000000,0.000000
0.000000,0.000000
0.000000,0.000000
0.000000,0.000000
0.000000,0.000000
0.000000,0.000000
0.000000,0.000000
0.000000,0.000000
0.000000,0.000000
0.000000,0.000000
0.000000,0.000000
0.000000,0.000000
0.000000,0.000000
0.000000,0.000000
0.000000,0.000000
0.000000,0.000000
0.000000,0.000000
0.000000,0.000000
0.000000,0.000000
0.000000,0.000000
0.000000,0.000000
0.000000,0.000000
0.000000,0.000000
0.000000,0.000000
0.000000,0.000000
0.000000,0.000000
0.000000,0.000000
0.000000,0.000000
0.000000,0.000000
0.000000,0.000000
0.000000,0.000000
0.000000,0.000000
0.000000,0.000000
0.000000,0.000000
0.000000,0.000000
0.000000,0.000000
0.000000,0.000000
0.000000,0.000000
0.000000,0.000000
0.000000,0.000000
0.000000,0.000000
0.000000,0.000000
0.000000,0.000000
0.000000,0.000000
0.000000,0.000000
0.000000,0.000000
0.000000,0.000000
0.000000,0.000000
0.000000,0.000000
0.000000,0.000000
0.000000,0.000000
0.000000,0.000000
0.000000,0.000000
0.000000,0.000000
0.000000,0.000000
0.000000,0.000000
0.000000,0.000000
0.000000,0.000000
0.000000,0.000000
0.000000,0.000000
0.000000,0.000000
0.000000,0.000000
0.000000,0.000000
0.000000,0.000000
0.000000,0.000000
0.000000,0.000000
0.000000,0.000000
0.000000,0.000000
0.000000,0.000000
0.000000,0.000000
0.000000,0.000000
0.000000,0.000000
0.000000,0.000000
0.000000,0.000000
0.000000,0.000000
0.000000,0.000000
0.000000,0.000000
0.000000,0.000000
0.000000,0.000000
0.000000,0.000000
0.000000,0.000000
0.000000,0.000000
0.000000,0.000000
0.000000,0.000000
0.000000,0.000000
0.000000,0.000000
0.000000,0.000000
0.000000,0.000000
0.000000,0.000000
0.000000,0.000000
0.000000,0.000000
0.000000,0.000000
0.000000,0.000000
0.000000,0.000000
0.000000,0.000000
0.000000,0.000000
0.000000,0.000000
0.000000,0.000000
0.000000,0.000000
0.000000,0.000000
0.000000,0.000000
0.000000,0.000000
0.000000,0.000000
0.000000,0.000000
0.000000,0.000000
0.000000,0.000000
0.000000,0.000000
0.000000,0.000000
0.000000,0.000000
0.000000,0.000000
0.000000,0.000000
0.000000,0.000000
0.000000,0.000000
0.000000,0.000000
0.000000,0.000000
0.000000,0.000000
0.000000,0.000000
0.000000,0.000000
0.000000,0.000000
37.425096,-122.099430
37.425096,-122.099430
37.425096,-122.099430
37.425098,-122.099426
37.425098,-122.099426
37.425098,-122.099426
37.425098,-122.099426
37.425098,-122.099426
37.425102,-122.099420
37.425102,-122.099420
37.425103,-122.099419
37.425103,-122.099419
37.425103,-122.099419
37.425103,-122.099419
37.425103,-122.099419
37.425107,-122.099414
37.425107,-122.099414
37.425107,-122.099414
37.425107,-122.099414
37.425107,-122.099414
37.425108,-122.099410
37.425108,-122.099410
37.425108,-122.099410
37.425108,-122.099410
37.425108,-122.099410
37.425106,-122.099409
37.425106,-122.099409
37.425106,-122.099409
37.425107,-122.099408
37.425107,-122.099408
37.425108,-122.099407
37.425108,-122.099407
37.425108,-122.099407
37.425110,-122.099407
37.425110,-122.099407
37.425110,-122.099407
37.425110,-122.099407
37.425110,-122.099407
37.425112,-122.099406
37.425112,-122.099406
37.425112,-122.099406
37.425112,-122.099406
37.425112,-122.099406
37.425114,-122.099405
37.425114,-122.099405
37.425114,-122.099405
37.425114,-122.099405
37.425114,-122.099405
37.425114,-122.099404
37.425114,-122.099404
37.425114,-122.099404
37.425115,-122.099402
37.425115,-122.099402
37.425115,-122.099401
37.425115,-122.099401
37.425115,-122.099401
37.425115,-122.099401
37.425115,-122.099401
37.425112,-122.099397
37.425112,-122.099397
37.425111,-122.099393
37.425111,-122.099393
37.425111,-122.099393
37.425111,-122.099393
37.425111,-122.099393
37.425111,-122.099393
37.425111,-122.099393
37.425108,-122.099392
37.425108,-122.099392
37.425100,-122.099387
37.425100,-122.099387
37.425088,-122.099367
37.425088,-122.099367
37.425088,-122.099367
37.425088,-122.099367
37.425088,-122.099367
37.425088,-122.099367
37.425088,-122.099367
37.425088,-122.099367
37.425088,-122.099367
37.425038,-122.099273
37.425038,-122.099273
37.425049,-122.099295
37.425049,-122.099295
37.425046,-122.099333
37.425046,-122.099333
37.425046,-122.099346
37.425046,-122.099346
37.425046,-122.099346
37.425046,-122.099346
37.425046,-122.099346
37.425046,-122.099346
37.425046,-122.099346
37.425069,-122.099328
37.425069,-122.099328
37.425069,-122.099328
37.425069,-122.099328
37.425069,-122.099328
37.425077,-122.099330
37.425077,-122.099330
37.425086,-122.099335
37.425086,-122.099335
37.425086,-122.099335
37.425086,-122.099335
37.425086,-122.099335
37.425089,-122.099357
37.425089,-122.099357
37.425089,-122.099358
37.425089,-122.099358
37.425089,-122.099358
37.425089,-122.099358
37.425089,-122.099358
37.425086,-122.099359
37.425086,-122.099359
37.425086,-122.099360
37.425086,-122.099360
37.425086,-122.099360
37.425086,-122.099360
37.425086,-122.099360
37.425086,-122.099360
37.425086,-122.099360
37.425084,-122.099357
37.425084,-122.099357
37.425084,-122.099362
37.425084,-122.099362
37.425084,-122.099362
37.425084,-122.099362
37.425084,-122.099362
37.425084,-122.099362
37.425084,-122.099362
37.425083,-122.099349
37.425083,-122.099349
37.425082,-122.099339
37.425082,-122.099339
37.425082,-122.099339
37.425082,-122.099339
37.425082,-122.099339
37.425083,-122.099325
37.425083,-122.099325
37.425082,-122.099322
37.425082,-122.099322
37.425080,-122.099317
37.425080,-122.099317
37.425080,-122.099317
37.425080,-122.099317
37.425080,-122.099317
37.425081,-122.099313
37.425081,-122.099313
37.425081,-122.099314
37.425081,-122.099314
37.425081,-122.099314
37.425081,-122.099314
37.425081,-122.099314
37.425081,-122.099314
37.425081,-122.099314
37.425070,-122.099343
37.425070,-122.099343
37.425072,-122.099343
37.425072,-122.099343
37.425072,-122.099343
37.425072,-122.099343
37.425072,-122.099343
37.425072,-122.099343
37.425072,-122.099343
37.425072,-122.099343
37.425072,-122.099343
37.425081,-122.099341
37.425081,-122.099341
37.425083,-122.099338
37.425083,-122.099338
37.425083,-122.099336
37.425083,-122.099336
37.425083,-122.099336
37.425083,-122.099336
37.425083,-122.099336
37.425083,-122.099336
37.425083,-122.099336
37.425083,-122.099328
37.425083,-122.099328
37.425083,-122.099328
37.425083,-122.099328
37.425083,-122.099329
37.425083,-122.099329
37.425083,-122.099329
37.425083,-122.099329
37.425083,-122.099329
37.425083,-122.099329
37.425083,-122.099329
37.425083,-122.099329
37.425083,-122.099329
37.425086,-122.099330
37.425086,-122.099330
37.425086,-122.099334
37.425086,-122.099334
37.425086,-122.099334
37.425086,-122.099334
37.425086,-122.099334
37.425086,-122.099334
37.425086,-122.099334
37.425086,-122.099334
37.425086,-122.099334
37.425086,-122.099342
37.425086,-122.099342
37.425089,-122.099346
37.425089,-122.099346
37.425089,-122.099346
37.425089,-122.099346
37.425089,-122.099346
37.425089,-122.099346
37.425089,-122.099346
37.425089,-122.099346
37.425089,-122.099346
37.425110,-122.099373
37.425110,-122.099373
37.425111,-122.099375
37.425111,-122.099375
37.425111,-122.099377
37.425111,-122.099377
37.425111,-122.099377
37.425111,-122.099377
37.425111,-122.099377
37.425111,-122.099377
37.425111,-122.099377
37.425111,-122.099377
37.425111,-122.099377
37.425060,-122.099276
37.425060,-122.099276
37.425024,-122.099251
37.425024,-122.099251
37.424987,-122.099217
37.424987,-122.099217
37.424940,-122.099179
37.424940,-122.099179
37.424887,-122.099133
37.424887,-122.099133
37.424887,-122.099133
37.424887,-122.099133
37.424887,-122.099133
37.424887,-122.099133
37.424887,-122.099133
37.424887,-122.099133
37.424887,-122.099133
37.424887,-122.099133
37.424887,-122.099133
37.424887,-122.099133
37.424887,-122.099133
37.424887,-122.099133
37.424887,-122.099133
37.424887,-122.099133
37.424887,-122.099133
37.424887,-122.099133
37.424887,-122.099133
37.424311,-122.098642
37.424311,-122.098642
37.424253,-122.098636
37.424253,-122.098636
37.424189,-122.098633
37.424189,-122.098633
37.424115,-122.098635
37.424115,-122.098635
37.424042,-122.098638
37.424042,-122.098638
37.423968,-122.098647
37.423968,-122.098647
37.423892,-122.098655
37.423892,-122.098655
37.423892,-122.098655
37.423892,-122.098655
37.423892,-122.098655
37.423892,-122.098655
37.423892,-122.098655
37.423892,-122.098655
37.423892,-122.098655
37.423892,-122.098655
37.423892,-122.098655
37.423892,-122.098655
37.423892,-122.098655
37.423892,-122.098655
37.423892,-122.098655
37.423892,-122.098655
37.423892,-122.098655
37.423892,-122.098655
37.423892,-122.098655
37.423892,-122.098655
37.423892,-122.098655
37.423251,-122.098753
37.423251,-122.098753
37.423185,-122.098761
37.423185,-122.098761
37.423118,-122.098772
37.423118,-122.098772
37.423056,-122.098785
37.423056,-122.098785
37.422993,-122.098787
37.422993,-122.098787
37.422926,-122.098792
37.422926,-122.098792
37.422855,-122.098798
37.422855,-122.098798
37.422780,-122.098808
37.422780,-122.098808
37.422698,-122.098808
37.422698,-122.098808
37.422618,-122.098816
37.422618,-122.098816
37.422538,-122.098820
37.422538,-122.098820
37.422460,-122.098826
37.422460,-122.098826
37.422382,-122.098831
37.422382,-122.098831
37.422303,-122.098842
37.422303,-122.098842
37.422231,-122.098847
37.422231,-122.098847
37.422156,-122.098859
37.422156,-122.098859
37.422086,-122.098870
37.422086,-122.098870
37.422027,-122.098879
37.422027,-122.098879
37.421987,-122.098894
37.421987,-122.098894
37.421956,-122.098904
37.421956,-122.098904
37.421927,-122.098908
37.421927,-122.098908
37.421902,-122.098913
37.421902,-122.098913
37.421886,-122.098916
37.421886,-122.098916
37.421886,-122.098916
37.421886,-122.098916
37.421854,-122.098926
37.421854,-122.098926
37.421826,-122.098942
37.421826,-122.098942
37.421795,-122.098972
37.421795,-122.098972
37.421779,-122.099032
37.421779,-122.099032
37.421774,-122.099111
37.421774,-122.099111
37.421774,-122.099111
37.421774,-122.099111
37.421774,-122.099111
37.421774,-122.099111
37.421774,-122.099111
37.421774,-122.099111
37.421774,-122.099111
37.421774,-122.099111
37.421774,-122.099111
37.421782,-122.099667
37.421782,-122.099667
37.421789,-122.099792
37.421789,-122.099792
37.421793,-122.099911
37.421793,-122.099911
37.421797,-122.100020
37.421797,-122.100020
37.421805,-122.100128
37.421805,-122.100128
37.421815,-122.100234
37.421815,-122.100234
37.421815,-122.100234
37.421817,-122.100260
37.421817,-122.100260
37.421823,-122.100322
37.421823,-122.100322
37.421832,-122.100409
37.421832,-122.100409
37.421841,-122.100509
37.421841,-122.100509
37.421849,-122.100616
37.421849,-122.100616
37.421872,-122.100923
37.421872,-122.100923
37.421880,-122.101040
37.421880,-122.101040
37.421889,-122.101162
37.421889,-122.101162
37.421897,-122.101276
37.421897,-122.101276
37.421897,-122.101276
37.421898,-122.101290
37.421898,-122.101290
37.421900,-122.101321
37.421900,-122.101321
37.421903,-122.101354
37.421903,-122.101354
37.421905,-122.101379
37.421905,-122.101379
37.421906,-122.101396
37.421906,-122.101396
37.421910,-122.101424
37.421910,-122.101424
37.421912,-122.101421
37.421912,-122.101421
37.421911,-122.101421
37.421911,-122.101421
37.421911,-122.101421
37.421911,-122.101421
37.421912,-122.101418
37.421912,-122.101418
37.421912,-122.101418
37.421912,-122.101417
37.421912,-122.101417
37.421913,-122.101416
37.421913,-122.101416
37.421913,-122.101415
37.421913,-122.101415
37.421914,-122.101414
37.421914,-122.101414
37.421913,-122.101411
37.421913,-122.101411
37.421912,-122.101409
37.421912,-122.101409
37.421912,-122.101408
37.421912,-122.101408
37.421912,-122.101408
37.421912,-122.101408
37.421911,-122.101407
37.421911,-122.101407
37.421910,-122.101407
37.421910,-122.101407
37.421909,-122.101406
37.421909,-122.101406
37.421909,-122.101406
37.421909,-122.101406
37.421909,-122.101406
37.421909,-122.101406
37.421909,-122.101406
37.421909,-122.101406
37.421909,-122.101406
37.421908,-122.101405
37.421908,-122.101405
37.421907,-122.101405
37.421907,-122.101405
37.421907,-122.101405
37.421907,-122.101405
37.421907,-122.101406
37.421907,-122.101406
37.421907,-122.101407
37.421907,-122.101407
37.421906,-122.101409
37.421906,-122.101409
37.421907,-122.101408
37.421907,-122.101408
37.421907,-122.101408
37.421907,-122.101408
37.421908,-122.101409
37.421908,-122.101409
37.421909,-122.101409
37.421909,-122.101409
37.421909,-122.101408
37.421909,-122.101408
37.421909,-122.101408
37.421910,-122.101408
37.421910,-122.101408
37.421910,-122.101408
37.421910,-122.101408
37.421909,-122.101408
37.421909,-122.101408
37.421909,-122.101408
37.421909,-122.101408
37.421910,-122.101407
37.421910,-122.101407
37.421910,-122.101406
37.421910,-122.101406
37.421910,-122.101407
37.421910,-122.101407
37.421910,-122.101408
37.421910,-122.101408
37.421910,-122.101408
37.421910,-122.101408
37.421910,-122.101409
37.421910,-122.101409
37.421910,-122.101409
37.421910,-122.101409
37.421910,-122.101409
37.421909,-122.101409
37.421909,-122.101409
37.421908,-122.101409
37.421908,-122.101409
37.421908,-122.101410
37.421908,-122.101410
37.421908,-122.101410
37.421908,-122.101410
37.421908,-122.101410
37.421908,-122.101410
37.421908,-122.101410
37.421908,-122.101410
37.421907,-122.101409
37.421907,-122.101409
37.421906,-122.101408
37.421906,-122.101408
37.421908,-122.101408
37.421908,-122.101408
37.421907,-122.101407
37.421907,-122.101407
37.421907,-122.101407
37.421909,-122.101407
37.421909,-122.101407
37.421909,-122.101408
37.421909,-122.101408
37.421908,-122.101409
37.421908,-122.101409
37.421906,-122.101411
37.421906,-122.101411
37.421905,-122.101413
37.421905,-122.101413
37.421906,-122.101414
37.421906,-122.101414
37.421906,-122.101414
37.421906,-122.101414
37.421906,-122.101413
37.421906,-122.101413
37.421906,-122.101413
37.421906,-122.101413
37.421906,-122.101413
37.421907,-122.101413
37.421907,-122.101413
37.421907,-122.101414
37.421907,-122.101414
37.421907,-122.101415
37.421907,-122.101415
37.421907,-122.101416
37.421907,-122.101416
37.421907,-122.101416
37.421907,-122.101416
37.421907,-122.101417
37.421907,-122.101417
37.421907,-122.101418
37.421907,-122.101418
37.421908,-122.101419
37.421908,-122.101419
37.421909,-122.101419
37.421909,-122.101419
37.421909,-122.101419
37.421909,-122.101420
37.421909,-122.101420
37.421909,-122.101421
37.421909,-122.101421
37.421909,-122.101421
37.421909,-122.101421
37.421910,-122.101423
37.421910,-122.101423
37.421910,-122.101424
37.421910,-122.101424
37.421910,-122.101424
37.421910,-122.101424
37.421911,-122.101425
37.421911,-122.101425
37.421911,-122.101425
37.421911,-122.101425
37.421911,-122.101425
37.421911,-122.101425
37.421912,-122.101427
37.421912,-122.101427
37.421912,-122.101427
37.421912,-122.101427
37.421912,-122.101427
37.421912,-122.101427
37.421912,-122.101427
37.421912,-122.101427
37.421912,-122.101427
37.421913,-122.101428
37.421913,-122.101428
37.421912,-122.101428
37.421912,-122.101428
37.421913,-122.101428
37.421913,-122.101428
37.421914,-122.101428
37.421914,-122.101428
37.421914,-122.101428
37.421914,-122.101428
37.421914,-122.101432
37.421914,-122.101432
37.421914,-122.101432
37.421915,-122.101462
37.421915,-122.101462
37.421919,-122.101519
37.421919,-122.101519
37.421923,-122.101595
37.421923,-122.101595
37.421928,-122.101691
37.421928,-122.101691
37.421934,-122.101807
37.421934,-122.101807
37.421938,-122.101937
37.421938,-122.101937
37.421938,-122.101937
37.421949,-122.102079
37.421949,-122.102079
37.421960,-122.102232
37.421960,-122.102232
37.421970,-122.102392
37.421970,-122.102392
37.421981,-122.102553
37.421981,-122.102553
37.421991,-122.102717
37.421991,-122.102717
37.422000,-122.102881
37.422000,-122.102881
37.422010,-122.103044
37.422010,-122.103044
37.422010,-122.103044
37.422022,-122.103205
37.422022,-122.103205
37.422035,-122.103366
37.422035,-122.103366
37.422045,-122.103527
37.422045,-122.103527
37.422053,-122.103690
37.422053,-122.103690
37.422066,-122.103842
37.422066,-122.103842
37.422074,-122.103995
37.422074,-122.103995
37.422074,-122.103995
37.422078,-122.104151
37.422078,-122.104151
37.422078,-122.104306
37.422078,-122.104306
37.422086,-122.104460
37.422086,-122.104460
37.422096,-122.104610
37.422096,-122.104610
37.422103,-122.104757
37.422103,-122.104757
37.422098,-122.104900
37.422098,-122.104900
37.422077,-122.105041
37.422077,-122.105041
37.422077,-122.105041
37.422039,-122.105181
37.422039,-122.105181
37.421993,-122.105319
37.421993,-122.105319
37.421946,-122.105453
37.421946,-122.105453
37.421899,-122.105582
37.421899,-122.105582
37.421849,-122.105713
37.421849,-122.105713
37.421795,-122.105846
37.421795,-122.105846
37.421795,-122.105846
37.421741,-122.105979
37.421741,-122.105979
37.421682,-122.106107
37.421682,-122.106107
37.421622,-122.106237
37.421622,-122.106237
37.421562,-122.106366
37.421562,-122.106366
37.421505,-122.106494
37.421505,-122.106494
37.421448,-122.106623
37.421448,-122.106623
37.421448,-122.106623
37.421392,-122.106764
37.421392,-122.106764
37.421337,-122.106900
37.421337,-122.106900
37.421281,-122.107033
37.421281,-122.107033
37.421225,-122.107166
37.421225,-122.107166
37.421171,-122.107300
37.421171,-122.107300
37.421171,-122.107300
37.421114,-122.107433
37.421114,-122.107433
37.421057,-122.107564
37.421057,-122.107564
37.421002,-122.107693
37.421002,-122.107693
37.420949,-122.107825
37.420949,-122.107825
37.420893,-122.107957
37.420893,-122.107957
37.420840,-122.108085
37.420840,-122.108085
37.420840,-122.108085
37.420792,-122.108205
37.420792,-122.108205
37.420746,-122.108325
37.420746,-122.108325
37.420696,-122.108445
37.420696,-122.108445
37.420645,-122.108570
37.420645,-122.108570
37.420594,-122.108694
37.420594,-122.108694
37.420547,-122.108819
37.420547,-122.108819
37.420547,-122.108819
37.420501,-122.108948
37.420501,-122.108948
37.420455,-122.109079
37.420455,-122.109079
37.420408,-122.109207
37.420408,-122.109207
37.420360,-122.109327
37.420360,-122.109327
37.420312,-122.109449
37.420312,-122.109449
37.420263,-122.109565
37.420263,-122.109565
37.420263,-122.109565
37.420222,-122.109674
37.420222,-122.109674
37.420184,-122.109771
37.420184,-122.109771
37.420153,-122.109846
37.420153,-122.109846
37.420127,-122.109900
37.420127,-122.109900
37.420115,-122.109931
37.420115,-122.109931
37.420110,-122.109946
37.420110,-122.109946
37.420110,-122.109946
37.420110,-122.109947
37.420110,-122.109947
37.420108,-122.109942
37.420108,-122.109942
37.420109,-122.109942
37.420109,-122.109942
37.420102,-122.109938
37.420102,-122.109938
37.420096,-122.109943
37.420096,-122.109943
37.420090,-122.109952
37.420090,-122.109952
37.420090,-122.109960
37.420090,-122.109960
37.420091,-122.109967
37.420091,-122.109967
37.420091,-122.109972
37.420091,-122.109972
37.420091,-122.109972
37.420087,-122.109993
37.420087,-122.109993
37.420089,-122.110032
37.420089,-122.110032
37.420107,-122.110077
37.420107,-122.110077
37.420154,-122.110128
37.420154,-122.110128
37.420220,-122.110181
37.420220,-122.110181
37.420298,-122.110239
37.420298,-122.110239
37.420298,-122.110239
37.420377,-122.110304
37.420377,-122.110304
37.420447,-122.110375
37.420447,-122.110375
37.420522,-122.110444
37.420522,-122.110444
37.420593,-122.110521
37.420593,-122.110521
37.420670,-122.110593
37.420670,-122.110593
37.420747,-122.110668
37.420747,-122.110668
37.420747,-122.110668
37.420825,-122.110731
37.420825,-122.110731
37.420904,-122.110793
37.420904,-122.110793
37.420987,-122.110863
37.420987,-122.110863
37.421073,-122.110937
37.421073,-122.110937
37.421158,-122.111015
37.421158,-122.111015
37.421245,-122.111087
37.421245,-122.111087
37.421245,-122.111087
37.421331,-122.111159
37.421331,-122.111159
37.421424,-122.111234
37.421424,-122.111234
37.421510,-122.111312
37.421510,-122.111312
37.421597,-122.111388
37.421597,-122.111388
37.421684,-122.111464
37.421684,-122.111464
37.421775,-122.111539
37.421775,-122.111539
37.421775,-122.111539
37.421867,-122.111615
37.421867,-122.111615
37.421963,-122.111697
37.421963,-122.111697
37.422061,-122.111779
37.422061,-122.111779
37.422164,-122.111866
37.422164,-122.111866
37.422266,-122.111953
37.422266,-122.111953
37.422368,-122.112033
37.422368,-122.112033
37.422368,-122.112033
37.422468,-122.112117
37.422468,-122.112117
37.422566,-122.112201
37.422566,-122.112201
37.422656,-122.112291
37.422656,-122.112291
37.422743,-122.112392
37.422743,-122.112392
37.422829,-122.112498
37.422829,-122.112498
37.422911,-122.112608
37.422911,-122.112608
37.422911,-122.112608
37.422977,-122.112730
37.422977,-122.112730
37.423054,-122.112851
37.423054,-122.112851
37.423134,-122.112969
37.423134,-122.112969
37.423219,-122.113094
37.423219,-122.113094
37.423299,-122.113220
37.423299,-122.113220
37.423387,-122.113346
37.423387,-122.113346
37.423387,-122.113346
37.423473,-122.113472
37.423473,-122.113472
37.423548,-122.113597
37.423548,-122.113597
37.423622,-122.113717
37.423622,-122.113717
37.423696,-122.113824
37.423696,-122.113824
37.423784,-122.113932
37.423784,-122.113932
37.423868,-122.114039
37.423868,-122.114039
37.423868,-122.114039
37.423946,-122.114153
37.423946,-122.114153
37.424025,-122.114261
37.424025,-122.114261
37.424087,-122.114375
37.424087,-122.114375
37.424154,-122.114480
37.424154,-122.114480
37.424230,-122.114596
37.424230,-122.114596
37.424303,-122.114716
37.424303,-122.114716
37.424303,-122.114716
37.424369,-122.114824
37.424369,-122.114824
37.424446,-122.114936
37.424446,-122.114936
37.424524,-122.115049
37.424524,-122.115049
37.424602,-122.115182
37.424602,-122.115182
37.424676,-122.115313
37.424676,-122.115313
37.424755,-122.115443
37.424755,-122.115443
37.424755,-122.115443
37.424830,-122.115566
37.424830,-122.115566
37.424915,-122.115700
37.424915,-122.115700
37.424992,-122.115839
37.424992,-122.115839
37.425083,-122.115997
37.425083,-122.115997
37.425180,-122.116161
37.425180,-122.116161
37.425283,-122.116331
37.425283,-122.116331
37.425283,-122.116331
37.425385,-122.116500
37.425385,-122.116500
37.425488,-122.116668
37.425488,-122.116668
37.425584,-122.116814
37.425584,-122.116814
37.425691,-122.116972
37.425691,-122.116972
37.425795,-122.117130
37.425795,-122.117130
37.425897,-122.117289
37.425897,-122.117289
37.425897,-122.117289
37.425999,-122.117452
37.425999,-122.117452
37.426103,-122.117614
37.426103,-122.117614
37.426202,-122.117765
37.426202,-122.117765
37.426305,-122.117922
37.426305,-122.117922
37.426405,-122.118080
37.426405,-122.118080
37.426501,-122.118236
37.426501,-122.118236
37.426501,-122.118236
37.426594,-122.118388
37.426594,-122.118388
37.426687,-122.118545
37.426687,-122.118545
37.426779,-122.118699
37.426779,-122.118699
37.426868,-122.118857
37.426868,-122.118857
37.426964,-122.119007
37.426964,-122.119007
37.427060,-122.119158
37.427060,-122.119158
37.427060,-122.119158
37.427148,-122.119305
37.427148,-122.119305
37.427243,-122.119450
37.427243,-122.119450
37.427341,-122.119601
37.427341,-122.119601
37.427436,-122.119753
37.427436,-122.119753
37.427532,-122.119908
37.427532,-122.119908
37.427532,-122.119908
37.427628,-122.120065
37.427628,-122.120065
37.427726,-122.120224
37.427726,-122.120224
37.427824,-122.120380
37.427824,-122.120380
37.427924,-122.120541
37.427924,-122.120541
37.428026,-122.120701
37.428026,-122.120701
37.428127,-122.120860
37.428127,-122.120860
37.428127,-122.120860
37.428231,-122.121022
37.428231,-122.121022
37.428336,-122.121186
37.428336,-122.121186
37.428353,-122.121213
37.428353,-122.121213
37.428541,-122.121512
37.428541,-122.121512
37.428642,-122.121671
37.428642,-122.121671
37.428744,-122.121832
37.428744,-122.121832
37.428744,-122.121832
37.428838,-122.121980
37.428838,-122.121980
37.428933,-122.122132
37.428933,-122.122132
37.428948,-122.122156
37.428948,-122.122156
37.429118,-122.122431
37.429118,-122.122431
37.429210,-122.122577
37.429210,-122.122577
37.429303,-122.122729
37.429303,-122.122729
37.429303,-122.122729
37.429396,-122.122881
37.429396,-122.122881
37.429490,-122.123035
37.429490,-122.123035
37.429582,-122.123186
37.429582,-122.123186
37.429675,-122.123340
37.429675,-122.123340
37.429768,-122.123492
37.429768,-122.123492
37.429856,-122.123642
37.429856,-122.123642
37.429856,-122.123642
37.429871,-122.123666
37.429871,-122.123666
37.430036,-122.123925
37.430036,-122.123925
37.430122,-122.124072
37.430122,-122.124072
37.430213,-122.124222
37.430213,-122.124222
37.430308,-122.124370
37.430308,-122.124370
37.430402,-122.124512
37.430402,-122.124512
37.430402,-122.124512
37.430489,-122.124652
37.430489,-122.124652
37.430581,-122.124786
37.430581,-122.124786
37.430670,-122.124925
37.430670,-122.124925
37.430764,-122.125062
37.430764,-122.125062
37.430860,-122.125209
37.430860,-122.125209
37.430955,-122.125360
37.430955,-122.125360
37.430955,-122.125360
37.431051,-122.125513
37.431051,-122.125513
37.431140,-122.125663
37.431140,-122.125663
37.431230,-122.125811
37.431230,-122.125811
37.431322,-122.125954
37.431322,-122.125954
37.431415,-122.126097
37.431415,-122.126097
37.431499,-122.126243
37.431499,-122.126243
37.431499,-122.126243
37.431589,-122.126381
37.431589,-122.126381
37.431678,-122.126519
37.431678,-122.126519
37.431768,-122.126656
37.431768,-122.126656
37.431858,-122.126798
37.431858,-122.126798
37.431946,-122.126934
37.431946,-122.126934
37.432031,-122.127073
37.432031,-122.127073
37.432031,-122.127073
37.432120,-122.127211
37.432120,-122.127211
37.432211,-122.127350
37.432211,-122.127350
37.432296,-122.127496
37.432296,-122.127496
37.432382,-122.127641
37.432382,-122.127641
37.432456,-122.127790
37.432456,-122.127790
37.432539,-122.127930
37.432539,-122.127930
37.432539,-122.127930
37.432624,-122.128070
37.432624,-122.128070
37.432711,-122.128203
37.432711,-122.128203
37.432795,-122.128338
37.432795,-122.128338
37.432883,-122.128460
37.432883,-122.128460
37.432965,-122.128574
37.432965,-122.128574
37.433038,-122.128681
37.433038,-122.128681
37.433038,-122.128681
37.433104,-122.128778
37.433104,-122.128778
37.433169,-122.128869
37.433169,-122.128869
37.433228,-122.128958
37.433228,-122.128958
37.433287,-122.129046
37.433287,-122.129046
37.433348,-122.129137
37.433348,-122.129137
37.433411,-122.129238
37.433411,-122.129238
37.433411,-122.129238
37.433478,-122.129338
37.433478,-122.129338
37.433543,-122.129437
37.433543,-122.129437
37.433609,-122.129540
37.433609,-122.129540
37.433681,-122.129654
37.433681,-122.129654
37.433750,-122.129764
37.433750,-122.129764
37.433750,-122.129764
37.433822,-122.129888
37.433822,-122.129888
37.433897,-122.130014
37.433897,-122.130014
37.433974,-122.130139
37.433974,-122.130139
37.434050,-122.130261
37.434050,-122.130261
37.434126,-122.130376
37.434126,-122.130376
37.434199,-122.130492
37.434199,-122.130492
37.434274,-122.130610
37.434274,-122.130610
37.434274,-122.130610
37.434346,-122.130727
37.434346,-122.130727
37.434417,-122.130845
37.434417,-122.130845
37.434491,-122.130964
37.434491,-122.130964
37.434568,-122.131081
37.434568,-122.131081
37.434641,-122.131195
37.434641,-122.131195
37.434712,-122.131308
37.434712,-122.131308
37.434712,-122.131308
37.434786,-122.131426
37.434786,-122.131426
37.434862,-122.131539
37.434862,-122.131539
37.434936,-122.131650
37.434936,-122.131650
37.435007,-122.131762
37.435007,-122.131762
37.435076,-122.131870
37.435076,-122.131870
37.435151,-122.131968
37.435151,-122.131968
37.435151,-122.131968
37.435223,-122.132066
37.435223,-122.132066
37.435283,-122.132160
37.435283,-122.132160
37.435345,-122.132261
37.435345,-122.132261
37.435403,-122.132356
37.435403,-122.132356
37.435451,-122.132421
37.435451,-122.132421
37.435487,-122.132478
37.435487,-122.132478
37.435487,-122.132478
37.435511,-122.132517
37.435511,-122.132517
37.435526,-122.132545
37.435526,-122.132545
37.435532,-122.132558
37.435532,-122.132558
37.435533,-122.132560
37.435533,-122.132560
37.435534,-122.132565
37.435534,-122.132565
37.435535,-122.132568
37.435535,-122.132568
37.435537,-122.132570
37.435537,-122.132570
37.435537,-122.132570
37.435538,-122.132572
37.435538,-122.132572
37.435541,-122.132577
37.435541,-122.132577
37.435543,-122.132581
37.435543,-122.132581
37.435545,-122.132585
37.435545,-122.132585
37.435547,-122.132589
37.435547,-122.132589
37.435548,-122.132593
37.435548,-122.132593
37.435550,-122.132597
37.435550,-122.132597
37.435551,-122.132600
37.435551,-122.132600
37.435553,-122.132605
37.435553,-122.132605
37.435553,-122.132605
37.435554,-122.132609
37.435554,-122.132609
37.435555,-122.132611
37.435555,-122.132611
37.435556,-122.132612
37.435556,-122.132612
37.435557,-122.132615
37.435557,-122.132615
37.435558,-122.132618
37.435558,-122.132618
37.435559,-122.132620
37.435559,-122.132620
37.435560,-122.132622
37.435560,-122.132622
37.435561,-122.132625
37.435561,-122.132625
37.435561,-122.132625
37.435561,-122.132625
37.435561,-122.132625
37.435562,-122.132627
37.435562,-122.132627
37.435563,-122.132628
37.435563,-122.132628
37.435565,-122.132630
37.435565,-122.132630
37.435565,-122.132633
37.435565,-122.132633
37.435566,-122.132635
37.435566,-122.132635
37.435566,-122.132637
37.435566,-122.132637
37.435566,-122.132637
37.435567,-122.132638
37.435567,-122.132638
37.435567,-122.132639
37.435567,-122.132639
37.435567,-122.132640
37.435567,-122.132640
37.435568,-122.132642
37.435568,-122.132642
37.435568,-122.132643
37.435568,-122.132643
37.435569,-122.132643
37.435569,-122.132643
37.435569,-122.132645
37.435569,-122.132645
37.435569,-122.132645
37.435570,-122.132646
37.435570,-122.132646
37.435571,-122.132647
37.435571,-122.132647
37.435572,-122.132648
37.435572,-122.132648
37.435572,-122.132649
37.435572,-122.132649
37.435572,-122.132649
37.435572,-122.132649
37.435572,-122.132651
37.435572,-122.132651
37.435572,-122.132653
37.435572,-122.132653
37.435572,-122.132653
37.435573,-122.132654
37.435573,-122.132654
37.435576,-122.132655
37.435576,-122.132655
37.435585,-122.132666
37.435585,-122.132666
37.435601,-122.132689
37.435601,-122.132689
37.435625,-122.132723
37.435625,-122.132723
37.435656,-122.132771
37.435656,-122.132771
37.435656,-122.132771
37.435693,-122.132826
37.435693,-122.132826
37.435739,-122.132889
37.435739,-122.132889
37.435788,-122.132955
37.435788,-122.132955
37.435840,-122.133033
37.435840,-122.133033
37.435840,-122.133033
37.435897,-122.133122
37.435897,-122.133122
37.435960,-122.133218
37.435960,-122.133218
37.436028,-122.133315
37.436028,-122.133315
37.436093,-122.133414
37.436093,-122.133414
37.436159,-122.133516
37.436159,-122.133516
37.436159,-122.133516
37.436223,-122.133625
37.436223,-122.133625
37.436284,-122.133736
37.436284,-122.133736
37.436347,-122.133846
37.436347,-122.133846
37.436409,-122.133958
37.436409,-122.133958
37.436476,-122.134069
37.436476,-122.134069
37.436476,-122.134069
37.436543,-122.134174
37.436543,-122.134174
37.436613,-122.134283
37.436613,-122.134283
37.436688,-122.134398
37.436688,-122.134398
37.436761,-122.134519
37.436761,-122.134519
37.436835,-122.134643
37.436835,-122.134643
37.436835,-122.134643
37.436912,-122.134764
37.436912,-122.134764
37.436996,-122.134879
37.436996,-122.134879
37.437082,-122.134994
37.437082,-122.134994
37.437161,-122.135116
37.437161,-122.135116
37.437236,-122.135239
37.437236,-122.135239
37.437236,-122.135239
37.437312,-122.135358
37.437312,-122.135358
37.437385,-122.135483
37.437385,-122.135483
37.437397,-122.135504
37.437397,-122.135504
37.437539,-122.135732
37.437539,-122.135732
37.437620,-122.135857
37.437620,-122.135857
37.437620,-122.135857
37.437697,-122.135983
37.437697,-122.135983
37.437776,-122.136106
37.437776,-122.136106
37.437852,-122.136228
37.437852,-122.136228
37.437932,-122.136352
37.437932,-122.136352
37.438009,-122.136477
37.438009,-122.136477
37.438009,-122.136477
37.438087,-122.136599
37.438087,-122.136599
37.438164,-122.136729
37.438164,-122.136729
37.438239,-122.136851
37.438239,-122.136851
37.438310,-122.136967
37.438310,-122.136967
37.438372,-122.137069
37.438372,-122.137069
37.438372,-122.137069
37.438388,-122.137097
37.438388,-122.137097
37.438425,-122.137162
37.438425,-122.137162
37.438580,-122.137426
37.438580,-122.137426
37.438652,-122.137541
37.438652,-122.137541
37.438724,-122.137658
37.438724,-122.137658
37.438724,-122.137658
37.438801,-122.137782
37.438801,-122.137782
37.438815,-122.137802
37.438815,-122.137802
37.438853,-122.137863
37.438853,-122.137863
37.439039,-122.138156
37.439039,-122.138156
37.439108,-122.138279
37.439108,-122.138279
37.439108,-122.138279
37.439121,-122.138299
37.439121,-122.138299
37.439159,-122.138360
37.439159,-122.138360
37.439334,-122.138655
37.439334,-122.138655
37.439407,-122.138779
37.439407,-122.138779
37.439484,-122.138898
37.439484,-122.138898
37.439556,-122.139017
37.439556,-122.139017
37.439556,-122.139017
37.439629,-122.139132
37.439629,-122.139132
37.439703,-122.139249
37.439703,-122.139249
37.439776,-122.139374
37.439776,-122.139374
37.439855,-122.139497
37.439855,-122.139497
37.439932,-122.139620
37.439932,-122.139620
37.439932,-122.139620
37.440015,-122.139748
37.440015,-122.139748
37.440097,-122.139880
37.440097,-122.139880
37.440183,-122.140013
37.440183,-122.140013
37.440263,-122.140146
37.440263,-122.140146
37.440342,-122.140275
37.440342,-122.140275
37.440342,-122.140275
37.440359,-122.140304
37.440359,-122.140304
37.440401,-122.140370
37.440401,-122.140370
37.440458,-122.140464
37.440458,-122.140464
37.440649,-122.140775
37.440649,-122.140775
37.440730,-122.140901
37.440730,-122.140901
37.440730,-122.140901
37.440748,-122.140928
37.440748,-122.140928
37.440789,-122.140995
