lattitude,longitude
37.445367,-122.175844
37.445370,-122.175820
37.445370,-122.175816
37.445367,-122.175829
37.445369,-122.175815
37.445371,-122.175801
37.445372,-122.175790
37.445374,-122.175777
37.445378,-122.175724
37.445402,-122.175495
37.445409,-122.175425
37.445413,-122.175449
37.445428,-122.175429
37.445446,-122.175391
37.445481,-122.175297
37.445494,-122.175254
37.445487,-122.175284
37.445328,-122.175799
37.445271,-122.175991
37.445218,-122.176188
37.445194,-122.176277
37.445180,-122.176342
37.445174,-122.176367
37.445174,-122.176376
37.445180,-122.176380
37.445183,-122.176383
37.445183,-122.176385
37.445191,-122.176391
37.445202,-122.176396
37.445203,-122.176388
37.445201,-122.176360
37.445205,-122.176334
37.445207,-122.176320
37.445210,-122.176311
37.445213,-122.176314
37.445217,-122.176308
37.445221,-122.176304
37.445223,-122.176302
37.445225,-122.176300
37.445225,-122.176297
37.445225,-122.176293
37.445225,-122.176286
37.445224,-122.176289
37.445223,-122.176291
37.445220,-122.176291
37.445219,-122.176291
37.445217,-122.176290
37.445215,-122.176291
37.445214,-122.176293
37.445210,-122.176303
37.445208,-122.176309
37.445206,-122.176311
37.445204,-122.176315
37.445201,-122.176321
37.445200,-122.176324
37.445199,-122.176324
37.445195,-122.176328
37.445194,-122.176328
37.445192,-122.176330
37.445191,-122.176332
37.445190,-122.176331
37.445189,-122.176331
37.445188,-122.176327
37.445188,-122.176319
37.445186,-122.176318
37.445184,-122.176319
37.445179,-122.176327
37.445177,-122.176333
37.445177,-122.176335
37.445177,-122.176337
37.445176,-122.176338
37.445175,-122.176339
37.445174,-122.176342
37.445168,-122.176349
37.445167,-122.176352
37.445155,-122.176367
37.445140,-122.176381
37.445138,-122.176390
37.445142,-122.176397
37.445140,-122.176406
37.445142,-122.176422
37.445147,-122.176449
37.445159,-122.176477
37.445174,-122.176502
37.445208,-122.176554
37.445219,-122.176584
37.445222,-122.176589
37.445224,-122.176586
37.445223,-122.176622
37.445215,-122.176659
37.445164,-122.176737
37.445114,-122.176802
37.445092,-122.176829
37.444985,-122.176922
37.444902,-122.176993
37.444830,-122.177053
37.444764,-122.177109
37.444753,-122.177136
37.444693,-122.177174
37.444666,-122.177191
37.444637,-122.177242
37.444630,-122.177293
37.444649,-122.177357
37.444700,-122.177480
37.444751,-122.177588
37.444811,-122.177700
37.444867,-122.177811
37.444928,-122.177891
37.445010,-122.178074
37.445081,-122.178215
37.445176,-47.396290
37.445244,-93.614316
37.445303,-111.268095
37.445387,-118.011365
37.445443,-120.587124
37.445494,-121.571036
37.445543,-121.946916
37.445646,-122.090588
37.445753,-122.145580
37.445816,-122.166626
37.445914,-122.174837
37.445983,-122.178038
37.446134,-122.179498
37.446243,-122.180138
37.446283,-122.180387
37.446291,-122.180536
37.446239,-122.180674
37.446119,-122.180810
37.446015,-122.180913
37.445914,-122.181004
37.445815,-122.181115
37.445696,-122.181214
37.445557,-122.181319
37.445289,-122.181534
37.445113,-122.181676
37.444975,-122.181791
37.444932,-122.181863
37.444658,-122.182073
37.444484,-122.182209
37.443816,-122.182756
37.443452,-122.183053
37.442775,-122.183618
37.442457,-122.183882
37.442108,-122.184169
37.441922,-122.184324
37.441798,-122.184428
37.441696,-122.184514
37.441486,-122.184685
37.441290,-122.184848
37.440930,-122.185146
37.440860,-122.185236
37.440542,-122.185506
37.440357,-122.185677
37.440276,-122.185744
37.440241,-122.185769
37.440225,-122.185775
37.440215,-122.185781
37.440210,-122.185786
37.440208,-122.185788
37.440206,-122.185789
37.440206,-122.185791
37.440207,-122.185803
37.440208,-122.185812
37.440210,-122.185816
37.440211,-122.185817
37.440212,-122.185818
37.440213,-122.185817
37.440213,-122.185815
37.440212,-122.185813
37.440210,-122.185811
37.440210,-122.185810
37.440187,-122.185824
37.440152,-122.185852
37.440061,-122.185922
37.439926,-122.186029
37.439870,-122.186073
37.439739,-122.186177
37.439635,-122.186271
37.439595,-122.186308
37.439521,-122.186368
37.439501,-122.186414
37.439381,-122.186499
37.439268,-122.186586
37.439161,-122.186671
37.439060,-122.186751
37.438846,-122.186928
37.438584,-122.187143
37.438424,-122.187275
37.438244,-122.187423
37.438119,-122.187533
37.438013,-122.187625
37.437916,-122.187709
37.437828,-122.187782
37.437748,-122.187848
37.437682,-122.187907
37.437635,-122.187956
37.437605,-122.187991
37.437553,-122.188033
37.437528,-122.188053
37.437533,-122.188055
37.437454,-122.188056
37.437409,-122.188026
37.437339,-122.187956
37.437270,-122.187862
37.437207,-122.187760
37.437146,-122.187655
37.437086,-122.187549
37.437028,-122.187449
37.436976,-122.187349
37.436922,-122.187260
37.436874,-122.187178
37.436835,-122.187113
37.436802,-122.187059
37.436756,-122.186999
37.436735,-122.186968
37.436718,-122.186945
37.436707,-122.186924
37.436701,-122.186913
37.436636,-122.186891
37.436595,-122.186896
37.436519,-122.186934
37.436438,-122.186993
37.436303,-122.187103
37.436197,-122.187193
37.436098,-122.187278
37.436001,-122.187364
37.435901,-122.187449
37.435797,-122.187536
37.435689,-122.187623
37.435449,-122.187816
37.435292,-122.187948
37.435163,-122.188046
37.435047,-122.188140
37.434938,-122.188234
37.434835,-122.188333
37.434673,-122.188487
37.434552,-122.188603
37.434445,-122.188695
37.434352,-122.188791
37.434265,-122.188888
37.434180,-122.188980
37.434092,-122.189066
37.434001,-122.189146
37.433908,-122.189219
37.433816,-122.189292
37.433725,-122.189364
37.433638,-122.189432
37.433554,-122.189499
37.433475,-122.189557
37.433410,-122.189610
37.433361,-122.189648
37.433331,-122.189674
37.433313,-122.189693
37.433301,-122.189706
37.433295,-122.189713
37.433289,-122.189720
37.433272,-122.189734
37.433234,-122.189760
37.433182,-122.189800
37.433125,-122.189854
37.433065,-122.189922
37.432913,-122.190084
37.432804,-122.190179
37.432718,-122.190246
37.432599,-122.190311
37.432409,-122.190442
37.432309,-122.190530
37.432245,-122.190603
37.432193,-122.190672
37.432150,-122.190743
37.432111,-122.190807
37.432086,-122.190855
37.432066,-122.190891
37.432048,-122.190919
37.432034,-122.190942
37.432040,-122.190948
37.432038,-122.190954
37.432025,-122.190962
37.432011,-122.190973
37.432003,-122.190980
37.431953,-122.191020
37.431829,-122.191105
37.431814,-122.191129
37.431586,-122.191187
37.431433,-122.191215
37.431320,-122.191233
37.430942,-122.191225
37.430755,-122.191214
37.430511,-122.191148
37.430374,-122.191092
37.430273,-122.191064
37.430183,-122.191047
37.430098,-122.191037
37.430011,-122.191013
37.429927,-122.190983
37.429854,-122.190957
37.429795,-122.190934
37.429749,-122.190912
37.429705,-122.190898
37.429623,-122.190873
37.429550,-122.190847
37.429561,-122.190844
37.429430,-122.190804
37.429328,-122.190767
37.429198,-122.190723
37.429117,-122.190696
37.429061,-122.190678
37.429018,-122.190664
37.428945,-122.190638
37.428889,-122.190619
37.428841,-122.190604
37.428799,-122.190586
37.428759,-122.190561
37.428720,-122.190537
37.428686,-122.190521
37.428662,-122.190508
37.428643,-122.190499
37.428629,-122.190489
37.428622,-122.190481
37.428625,-122.190485
37.428624,-122.190490
37.428622,-122.190494
37.428621,-122.190501
37.428622,-122.190509
37.428623,-122.190515
37.428624,-122.190519
37.428625,-122.190522
37.428626,-122.190525
37.428627,-122.190528
37.428628,-122.190531
37.428629,-122.190532
37.428630,-122.190534
37.428631,-122.190535
37.428632,-122.190535
37.428633,-122.190536
37.428635,-122.190537
37.428636,-122.190537
37.428637,-122.190538
37.428638,-122.190538
37.428639,-122.190538
37.428639,-122.190539
37.428640,-122.190539
37.428640,-122.190538
37.428641,-122.190538
37.428641,-122.190537
37.428641,-122.190536
37.428641,-122.190536
37.428644,-122.190533
37.428647,-122.190531
37.428649,-122.190528
37.428650,-122.190526
37.428651,-122.190523
37.428651,-122.190521
37.428650,-122.190519
37.428650,-122.190516
37.428649,-122.190516
37.428649,-122.190515
37.428649,-122.190513
37.428647,-122.190512
37.428646,-122.190510
37.428645,-122.190508
37.428644,-122.190507
37.428643,-122.190506
37.428642,-122.190505
37.428641,-122.190505
37.428641,-122.190503
37.428640,-122.190502
37.428640,-122.190500
37.428639,-122.190499
37.428638,-122.190498
37.428638,-122.190497
37.428637,-122.190496
37.428636,-122.190495
37.428636,-122.190494
37.428635,-122.190494
37.428635,-122.190494
37.428634,-122.190493
37.428634,-122.190493
37.428634,-122.190492
37.428634,-122.190490
37.428633,-122.190488
37.428633,-122.190486
37.428632,-122.190484
37.428631,-122.190483
37.428631,-122.190481
37.428630,-122.190480
37.428629,-122.190478
37.428628,-122.190477
37.428628,-122.190476
37.428627,-122.190474
37.428627,-122.190472
37.428626,-122.190471
37.428625,-122.190469
37.428624,-122.190468
37.428624,-122.190467
37.428624,-122.190466
37.428623,-122.190465
37.428623,-122.190464
37.428622,-122.190463
37.428622,-122.190463
37.428622,-122.190463
37.428621,-122.190463
37.428621,-122.190462
37.428621,-122.190462
37.428620,-122.190461
37.428620,-122.190460
37.428620,-122.190459
37.428620,-122.190458
37.428620,-122.190457
37.428620,-122.190457
37.428619,-122.190456
37.428619,-122.190455
37.428619,-122.190455
37.428619,-122.190455
37.428618,-122.190454
37.428618,-122.190453
37.428617,-122.190451
37.428617,-122.190450
37.428616,-122.190448
37.428615,-122.190447
37.428614,-122.190446
37.428613,-122.190443
37.428612,-122.190442
37.428611,-122.190441
37.428611,-122.190440
37.428611,-122.190439
37.428610,-122.190438
37.428610,-122.190438
37.428609,-122.190438
37.428609,-122.190438
37.428608,-122.190438
37.428607,-122.190437
37.428607,-122.190438
37.428607,-122.190438
37.428606,-122.190438
37.428606,-122.190438
37.428605,-122.190438
37.428605,-122.190438
37.428604,-122.190438
37.428604,-122.190438
37.428604,-122.190438
37.428604,-122.190438
37.428604,-122.190438
37.428604,-122.190437
37.428604,-122.190437
37.428603,-122.190437
37.428603,-122.190437
37.428603,-122.190437
37.428602,-122.190437
37.428601,-122.190437
37.428601,-122.190437
37.428601,-122.190437
37.428601,-122.190437
37.428601,-122.190437
37.428600,-122.190436
37.428600,-122.190435
37.428600,-122.190434
37.428600,-122.190434
37.428601,-122.190433
37.428602,-122.190433
37.428602,-122.190433
37.428603,-122.190432
37.428605,-122.190433
37.428606,-122.190433
37.428608,-122.190434
37.428609,-122.190434
37.428611,-122.190435
37.428612,-122.190435
37.428613,-122.190436
37.428614,-122.190436
37.428614,-122.190435
37.428612,-122.190433
37.428607,-122.190428
37.428600,-122.190419
37.428591,-122.190409
37.428588,-122.190405
37.428584,-122.190403
37.428576,-122.190398
37.428568,-122.190393
37.428557,-122.190384
37.428540,-122.190371
37.428514,-122.190352
37.428503,-122.190344
37.428474,-122.190336
37.428433,-122.190347
37.428380,-122.190373
37.428318,-122.190409
37.428249,-122.190454
37.428173,-122.190498
37.428104,-122.190536
37.428046,-122.190567
37.427995,-122.190595
37.427948,-122.190623
37.427824,-122.190692
37.427741,-122.190739
37.427708,-122.190757
37.427662,-122.190787
37.427610,-122.190820
37.427556,-122.190856
37.427502,-122.190889
37.427454,-122.190919
37.427418,-122.190939
37.427396,-122.190952
37.427385,-122.190957
37.427391,-122.190957
37.427389,-122.190958
37.427386,-122.190958
37.427383,-122.190957
37.427382,-122.190957
37.427380,-122.190957
37.427378,-122.190957
37.427376,-122.190957
37.427374,-122.190957
37.427372,-122.190958
37.427375,-122.190962
37.427376,-122.190964
37.427376,-122.190965
37.427375,-122.190965
37.427374,-122.190966
37.427374,-122.190967
37.427373,-122.190967
37.427372,-122.190968
37.427371,-122.190968
37.427368,-122.190970
37.427360,-122.190975
37.427355,-122.190978
37.427342,-122.190986
37.427322,-122.190998
37.427300,-122.191010
37.427278,-122.191021
37.427257,-122.191030
37.427243,-122.191035
37.427246,-122.191034
37.427244,-122.191034
37.427241,-122.191033
37.427240,-122.191033
37.427238,-122.191033
37.427235,-122.191033
37.427233,-122.191033
37.427233,-122.191033
37.427231,-122.191034
37.427230,-122.191035
37.427229,-122.191036
37.427228,-122.191037
37.427228,-122.191038
37.427228,-122.191040
37.427227,-122.191041
37.427227,-122.191042
37.427227,-122.191044
37.427227,-122.191045
37.427227,-122.191045
37.427228,-122.191046
37.427228,-122.191047
37.427227,-122.191045
37.427227,-122.191044
37.427226,-122.191041
37.427226,-122.191039
37.427226,-122.191038
37.427226,-122.191037
37.427226,-122.191036
37.427226,-122.191035
37.427227,-122.191034
37.427227,-122.191033
37.427227,-122.191032
37.427226,-122.191027
37.427224,-122.191019
37.427223,-122.191016
37.427221,-122.191016
37.427221,-122.191016
37.427213,-122.191018
37.427195,-122.191028
37.427153,-122.191048
37.427098,-122.191084
37.427023,-122.191140
37.426931,-122.191203
37.426835,-122.191267
37.426744,-122.191331
37.426657,-122.191399
37.426575,-122.191469
37.426498,-122.191546
37.426421,-122.191625
37.426347,-122.191718
37.426272,-122.191819
37.426197,-122.191925
37.426121,-122.192032
37.426107,-122.192108
37.426007,-122.192228
37.425918,-122.192347
37.425837,-122.192464
37.425804,-122.192510
37.425746,-122.192597
37.425678,-122.192701
37.425607,-122.192810
37.425530,-122.192920
37.425445,-122.193030
37.425356,-122.193146
37.425210,-122.193343
37.425100,-122.193498
37.425002,-122.193636
37.424908,-122.193764
37.424819,-122.193896
37.424728,-122.194031
37.424636,-122.194167
37.424544,-122.194300
37.424451,-122.194434
37.424359,-122.194569
37.424262,-122.194706
37.424102,-122.194925
37.423983,-122.195096
37.424018,-122.195117
37.423905,-122.195234
37.423796,-122.195367
37.423695,-122.195501
37.423601,-122.195635
37.423509,-122.195770
37.423419,-122.195908
37.423334,-122.196048
37.423250,-122.196191
37.423166,-122.196339
37.423084,-122.196495
37.423052,-122.196555
37.422986,-122.196679
37.422907,-122.196831
37.422825,-122.197000
37.422743,-122.197180
37.422662,-122.197365
37.422582,-122.197555
37.422503,-122.197748
37.422428,-122.197947
37.422355,-122.198147
37.422286,-122.198352
37.422260,-122.198431
37.422171,-122.198723
37.422066,-122.199102
37.422000,-122.199383
37.421900,-122.199905
37.421845,-122.200246
37.421807,-122.200515
37.421792,-122.200618
37.421770,-122.200793
37.421741,-122.200993
37.421717,-122.201200
37.421694,-122.201407
37.421672,-122.201611
37.421652,-122.201811
37.421631,-122.202010
37.421608,-122.202209
37.421586,-122.202410
37.421633,-122.202422
37.421587,-122.202595
37.421554,-122.202803
37.421526,-122.203015
37.421501,-122.203223
37.421477,-122.203425
37.421456,-122.203624
37.421436,-122.203816
37.421416,-122.204001
37.421396,-122.204180
37.421376,-122.204355
37.421358,-122.204530
37.421351,-122.204598
37.421337,-122.204737
37.421318,-122.204904
37.421299,-122.205081
37.421278,-122.205261
37.421255,-122.205443
37.421235,-122.205626
37.421215,-122.205812
37.421192,-122.205999
37.421165,-122.206182
37.421136,-122.206367
37.421125,-122.206438
37.421103,-122.206582
37.421072,-122.206755
37.421039,-122.206938
37.421002,-122.207126
37.420964,-122.207311
37.420926,-122.207487
37.420892,-122.207649
37.420862,-122.207792
37.420837,-122.207912
37.420818,-122.208010
37.420812,-122.208044
37.420801,-122.208104
37.420787,-122.208167
37.420773,-122.208233
37.420760,-122.208302
37.420749,-122.208372
37.420738,-122.208440
37.420727,-122.208501
37.420718,-122.208558
37.420713,-122.208605
37.420709,-122.208635
37.420717,-122.208639
37.420717,-122.208642
37.420714,-122.208642
37.420713,-122.208641
37.420711,-122.208641
37.420710,-122.208641
37.420710,-122.208639
37.420711,-122.208637
37.420712,-122.208635
37.420713,-122.208633
37.420713,-122.208631
37.420713,-122.208630
37.420714,-122.208630
37.420716,-122.208629
37.420719,-122.208629
37.420721,-122.208629
37.420723,-122.208629
37.420723,-122.208632
37.420720,-122.208645
37.420716,-122.208672
37.420706,-122.208714
37.420695,-122.208775
37.420681,-122.208854
37.420666,-122.208950
37.420651,-122.209056
37.420638,-122.209173
37.420621,-122.209297
37.420608,-122.209428
37.420592,-122.209564
37.420577,-122.209707
37.420572,-122.209763
37.420561,-122.209875
37.420548,-122.210003
37.420537,-122.210134
37.420528,-122.210263
37.420518,-122.210388
37.420511,-122.210516
37.420505,-122.210645
37.420498,-122.210778
37.420486,-122.211006
37.420482,-122.211094
37.420478,-122.211220
37.420475,-122.211367
37.420475,-122.211524
37.420476,-122.211693
37.420477,-122.211868
37.420479,-122.212047
37.420481,-122.212232
37.420483,-122.212419
37.420485,-122.212611
37.420488,-122.212805
37.420491,-122.212996
37.420492,-122.213069
37.420495,-122.213201
37.420497,-122.213347
37.420498,-122.213492
37.420499,-122.213634
37.420499,-122.213770
37.420495,-122.213898
37.420489,-122.214022
37.420482,-122.214147
37.420475,-122.214271
37.420467,-122.214396
37.420464,-122.214443
37.420460,-122.214537
37.420454,-122.214642
37.420449,-122.214743
37.420445,-122.214831
37.420442,-122.214901
37.420439,-122.214955
37.420438,-122.214998
37.420437,-122.215031
37.420436,-122.215052
37.420443,-122.215053
37.420441,-122.215055
37.420438,-122.215056
37.420437,-122.215057
37.420436,-122.215058
37.420436,-122.215058
37.420436,-122.215058
37.420436,-122.215059
37.420434,-122.215065
37.420433,-122.215081
37.420431,-122.215107
37.420429,-122.215148
37.420425,-122.215207
37.420419,-122.215280
37.420407,-122.215367
37.420393,-122.215463
37.420388,-122.215502
37.420376,-122.215584
37.420358,-122.215688
37.420337,-122.215807
37.420313,-122.215934
37.420284,-122.216068
37.420253,-122.216206
37.420220,-122.216350
37.420184,-122.216498
37.420147,-122.216649
37.420108,-122.216805
37.420069,-122.216961
37.420054,-122.217022
37.420022,-122.217143
37.419949,-122.217496
37.419911,-122.217741
37.419902,-122.217942
37.419917,-122.218120
37.419948,-122.218286
37.419992,-122.218453
37.420042,-122.218627
37.420095,-122.218810
37.420116,-122.218881
37.420141,-122.219029
37.420162,-122.219210
37.420170,-122.219410
37.420165,-122.219619
37.420150,-122.219833
37.420132,-122.220045
37.420114,-122.220259
37.420095,-122.220473
37.420079,-122.220690
37.420064,-122.220906
37.420114,-122.220919
37.420070,-122.221104
37.420049,-122.221323
37.420052,-122.221543
37.420082,-122.221754
37.420139,-122.221958
37.420212,-122.222158
37.420359,-122.222489
37.420482,-122.222745
37.420599,-122.222970
37.420713,-122.223183
37.420757,-122.223265
37.420850,-122.223421
37.420965,-122.223606
37.421090,-122.223802
37.421220,-122.224007
37.421352,-122.224221
37.421490,-122.224442
37.421637,-122.224666
37.421788,-122.224890
37.421939,-122.225114
37.422092,-122.225336
37.422150,-122.225421
37.422267,-122.225592
37.422409,-122.225794
37.422562,-122.226009
37.422720,-122.226232
37.422879,-122.226465
37.423041,-122.226698
37.423204,-122.226934
37.423370,-122.227172
37.423536,-122.227410
37.423704,-122.227651
37.423768,-122.227743
37.423900,-122.227930
37.424057,-122.228157
37.424227,-122.228401
37.424400,-122.228655
37.424575,-122.228917
37.424754,-122.229189
37.424941,-122.229469
37.425140,-122.229746
37.425346,-122.230015
37.425552,-122.230275
37.425755,-122.230526
37.425832,-122.230621
37.425983,-122.230806
37.426158,-122.231023
37.426339,-122.231247
37.426521,-122.231470
37.426700,-122.231691
37.426877,-122.231912
37.427051,-122.232131
37.427224,-122.232355
37.427397,-122.232588
37.427466,-122.232602
37.427579,-122.232803
37.427748,-122.233047
37.427930,-122.233304
37.428111,-122.233562
37.428289,-122.233818
37.428466,-122.234073
37.428640,-122.234329
37.428814,-122.234584
37.428989,-122.234838
37.429163,-122.235091
37.429338,-122.235343
37.429404,-122.235439
37.429534,-122.235633
37.429691,-122.235863
37.429859,-122.236111
37.430033,-122.236366
37.430208,-122.236621
37.430382,-122.236873
37.430554,-122.237126
37.430728,-122.237379
37.430906,-122.237632
37.430978,-122.237647
37.431091,-122.237860
37.431260,-122.238106
37.431447,-122.238356
37.431639,-122.238602
37.431828,-122.238845
37.432018,-122.239082
37.432209,-122.239316
37.432400,-122.239549
37.432594,-122.239781
37.432788,-122.240013
37.432861,-122.240028
37.432988,-122.240226
37.433170,-122.240462
37.433368,-122.240705
37.433570,-122.240947
37.433774,-122.241187
37.433977,-122.241427
37.434179,-122.241669
37.434383,-122.241911
37.434588,-122.242156
37.434793,-122.242401
37.434998,-122.242646
37.435076,-122.242739
37.435234,-122.242927
37.435552,-122.243304
37.435802,-122.243601
37.436027,-122.243868
37.436240,-122.244124
37.436450,-122.244375
37.436660,-122.244622
37.436869,-122.244868
37.437076,-122.245114
37.437155,-122.245207
37.437312,-122.245394
37.437497,-122.245614
37.437694,-122.245846
37.437895,-122.246086
37.438101,-122.246327
37.438309,-122.246569
37.438519,-122.246811
37.438730,-122.247055
37.438941,-122.247302
37.439150,-122.247556
37.439230,-122.247653
37.439386,-122.247850
37.439569,-122.248086
37.439761,-122.248335
37.439957,-122.248587
37.440152,-122.248840
37.440345,-122.249093
37.440537,-122.249342
37.440724,-122.249585
37.440905,-122.249820
37.441079,-122.250047
37.441147,-122.250059
37.441252,-122.250247
37.441405,-122.250464
37.441568,-122.250685
37.441734,-122.250901
37.441898,-122.251116
37.442060,-122.251330
37.442219,-122.251548
37.442374,-122.251770
37.442523,-122.252000
37.442666,-122.252234
37.442803,-122.252472
37.442938,-122.252711
37.442989,-122.252803
37.443081,-122.252991
37.443190,-122.253217
37.443307,-122.253471
37.443424,-122.253744
37.443535,-122.254029
37.443638,-122.254324
37.443737,-122.254624
37.443828,-122.254931
37.443911,-122.255245
37.443985,-122.255565
37.444052,-122.255888
37.444077,-122.256012
37.444120,-122.256260
37.444166,-122.256556
37.444205,-122.256870
37.444235,-122.257193
37.444259,-122.257519
37.444273,-122.257848
37.444279,-122.258179
37.444278,-122.258510
37.444266,-122.258838
37.444250,-122.259158
37.444243,-122.259279
37.444226,-122.259516
37.444205,-122.259793
37.444181,-122.260082
37.444157,-122.260375
37.444134,-122.260667
37.444109,-122.260958
37.444085,-122.261246
37.444062,-122.261531
37.444039,-122.261814
37.444016,-122.262096
37.444081,-122.262113
37.444023,-122.262351
37.443984,-122.262631
37.443954,-122.262918
37.443929,-122.263203
37.443904,-122.263486
37.443882,-122.263768
37.443863,-122.264050
37.443850,-122.264331
37.443843,-122.264610
37.443842,-122.264886
37.443904,-122.264902
37.443871,-122.265138
37.443865,-122.265417
37.443874,-122.265704
37.443892,-122.265993
37.443920,-122.266279
37.443952,-122.266566
37.443990,-122.266856
37.444036,-122.267148
37.444086,-122.267441
37.444144,-122.267736
37.444209,-122.268031
37.444284,-122.268327
37.444352,-122.268346
37.444382,-122.268597
37.444455,-122.268893
37.444548,-122.269195
37.444648,-122.269492
37.444757,-122.269783
37.444873,-122.270071
37.444995,-122.270358
37.445128,-122.270640
37.445181,-122.270747
37.445381,-122.271132
37.445458,-122.271280
37.445586,-122.271503
37.445839,-122.271918
37.446045,-122.272232
37.446234,-122.272506
37.446415,-122.272766
37.446595,-122.273022
37.446772,-122.273275
37.446949,-122.273525
37.447125,-122.273775
37.447198,-122.273790
37.447305,-122.274003
37.447465,-122.274251
37.447641,-122.274502
37.447818,-122.274754
37.447993,-122.275000
37.448163,-122.275241
37.448330,-122.275476
37.448495,-122.275706
37.448655,-122.275932
37.448812,-122.276156
37.448871,-122.276241
37.448986,-122.276417
37.449125,-122.276625
37.449275,-122.276846
37.449428,-122.277076
37.449584,-122.277313
37.449743,-122.277555
37.449904,-122.277799
37.450065,-122.278042
37.450224,-122.278284
37.450382,-122.278524
37.450443,-122.278615
37.450562,-122.278795
37.450702,-122.279007
37.450849,-122.279229
37.450997,-122.279453
37.451145,-122.279680
37.451293,-122.279908
37.451442,-122.280138
37.451594,-122.280367
37.451747,-122.280597
37.451901,-122.280826
37.452054,-122.281055
37.452112,-122.281143
37.452228,-122.281319
37.452366,-122.281530
37.452513,-122.281756
37.452664,-122.281989
37.452817,-122.282224
37.452972,-122.282459
37.453127,-122.282695
37.453283,-122.282931
37.453439,-122.283167
37.453595,-122.283405
37.453752,-122.283644
37.453813,-122.283736
37.453936,-122.283922
37.454083,-122.284147
37.454241,-122.284390
37.454406,-122.284639
37.454573,-122.284895
37.454742,-122.285152
37.454914,-122.285412
37.455086,-122.285674
37.455259,-122.285937
37.455432,-122.286200
37.455606,-122.286463
37.455672,-122.286564
37.455805,-122.286763
37.455965,-122.287000
37.456137,-122.287246
37.456318,-122.287492
37.456510,-122.287729
37.456708,-122.287958
37.456910,-122.288177
37.457116,-122.288386
37.457327,-122.288585
37.457543,-122.288775
37.457625,-122.288848
37.457792,-122.288985
37.457994,-122.289140
37.458210,-122.289295
37.458434,-122.289446
37.458663,-122.289588
37.458895,-122.289721
37.459132,-122.289844
37.459372,-122.289959
37.459617,-122.290063
37.459864,-122.290161
37.459958,-122.290198
37.460149,-122.290262
37.460379,-122.290332
37.460624,-122.290398
37.460877,-122.290452
37.461133,-122.290496
37.461391,-122.290530
37.461648,-122.290556
37.461904,-122.290575
37.462160,-122.290587
37.462417,-122.290597
37.462515,-122.290601
37.462711,-122.290608
37.462946,-122.290614
37.463195,-122.290623
37.463453,-122.290632
37.463713,-122.290642
37.463975,-122.290653
37.464237,-122.290671
37.464500,-122.290696
37.464763,-122.290730
37.465026,-122.290773
37.465126,-122.290789
37.465325,-122.290827
37.465562,-122.290880
37.465812,-122.290942
37.466066,-122.291013
37.466321,-122.291091
37.466574,-122.291178
37.466828,-122.291273
37.467081,-122.291377
37.467491,-122.291570
37.467649,-122.291644
37.467867,-122.291757
37.468109,-122.291891
37.468357,-122.292040
37.468607,-122.292199
37.468855,-122.292363
37.469098,-122.292536
37.469338,-122.292716
37.469574,-122.292904
37.469805,-122.293102
37.470032,-122.293308
37.470119,-122.293387
37.470288,-122.293552
37.470488,-122.293752
37.470699,-122.293965
37.470915,-122.294184
37.471133,-122.294405
37.471352,-122.294624
37.471572,-122.294842
37.471790,-122.295059
37.472008,-122.295276
37.472083,-122.295289
37.472225,-122.295473
37.472424,-122.295688
37.472639,-122.295910
37.472856,-122.296131
37.473074,-122.296352
37.473291,-122.296570
37.473503,-122.296783
37.473716,-122.296992
37.473932,-122.297197
37.474156,-122.297391
37.474384,-122.297576
37.474471,-122.297647
37.474650,-122.297779
37.474864,-122.297930
37.475094,-122.298079
37.475331,-122.298223
37.475572,-122.298357
37.475816,-122.298481
37.476062,-122.298595
37.476310,-122.298698
37.476559,-122.298794
37.476809,-122.298877
37.476905,-122.298908
37.477099,-122.298961
37.477331,-122.299015
37.477580,-122.299064
37.477834,-122.299105
37.478092,-122.299137
37.478351,-122.299159
37.478610,-122.299169
37.478870,-122.299169
37.479129,-122.299160
37.479388,-122.299139
37.479487,-122.299131
37.479684,-122.299108
37.479917,-122.299074
37.480166,-122.299038
37.480420,-122.298998
37.480677,-122.298957
37.480934,-122.298916
37.481188,-122.298876
37.481438,-122.298834
37.481829,-122.298768
37.482123,-122.298721
37.482235,-122.298703
37.482423,-122.298673
37.482638,-122.298638
37.482861,-122.298602
37.483087,-122.298565
37.483316,-122.298528
37.483548,-122.298491
37.483781,-122.298454
37.484014,-122.298417
37.484247,-122.298380
37.484481,-122.298342
37.484571,-122.298327
37.484750,-122.298298
37.484966,-122.298264
37.485197,-122.298228
37.485434,-122.298191
37.485674,-122.298154
37.485918,-122.298121
37.486165,-122.298096
37.486414,-122.298079
37.486666,-122.298071
37.486920,-122.298071
37.487174,-122.298082
37.487271,-122.298086
37.487463,-122.298105
37.487691,-122.298134
37.487930,-122.298173
37.488173,-122.298221
37.488415,-122.298276
37.488654,-122.298343
37.488891,-122.298420
37.489125,-122.298504
37.489356,-122.298597
37.489583,-122.298698
37.489806,-122.298804
37.489891,-122.298845
37.490059,-122.298930
37.490258,-122.299035
37.490469,-122.299155
37.490683,-122.299286
37.490896,-122.299428
37.491109,-122.299581
37.491322,-122.299745
37.491536,-122.299918
37.491749,-122.300100
37.491960,-122.300296
37.492168,-122.300503
37.492371,-122.300720
37.492450,-122.300803
37.492602,-122.300976
37.492779,-122.301188
37.492962,-122.301422
37.493142,-122.301670
37.493317,-122.301929
37.493489,-122.302197
37.493654,-122.302475
37.493813,-122.302762
37.493966,-122.303057
37.494114,-122.303360
37.494255,-122.303670
37.494309,-122.303789
37.494409,-122.304036
37.494522,-122.304336
37.494634,-122.304662
37.494741,-122.305002
37.494842,-122.305351
37.494933,-122.305707
37.495021,-122.306068
37.495107,-122.306430
37.495193,-122.306789
37.495283,-122.307149
37.495379,-122.307513
37.495464,-122.307536
37.495500,-122.307849
37.495577,-122.308219
37.495667,-122.308597
37.495757,-122.308971
37.495844,-122.309338
37.495935,-122.309699
37.496029,-122.310052
37.496127,-122.310399
37.496232,-122.310740
37.496342,-122.311075
37.496458,-122.311403
37.496502,-122.311527
37.496593,-122.311774
37.496715,-122.312056
37.496841,-122.312354
37.496971,-122.312658
37.497104,-122.312959
37.497243,-122.313255
37.497385,-122.313544
37.497530,-122.313830
37.497681,-122.314112
37.497836,-122.314392
37.497992,-122.314671
37.498148,-122.314951
37.498208,-122.315058
37.498329,-122.315271
37.498471,-122.315526
37.498620,-122.315796
37.498772,-122.316073
37.498924,-122.316352
37.499079,-122.316630
37.499231,-122.316911
37.499381,-122.317196
37.499524,-122.317485
37.499660,-122.317779
37.499788,-122.318075
37.499837,-122.318188
37.499926,-122.318415
37.500026,-122.318688
37.500127,-122.318978
37.500225,-122.319274
37.500312,-122.319570
37.500401,-122.319868
37.500488,-122.320170
37.500571,-122.320479
37.500644,-122.320791
37.500707,-122.321107
37.500761,-122.321424
37.500809,-122.321737
37.500827,-122.321857
37.500857,-122.322094
37.500888,-122.322372
37.500916,-122.322666
37.500936,-122.322965
37.500951,-122.323266
37.500965,-122.323566
37.500980,-122.323868
37.500993,-122.324170
37.501005,-122.324473
37.501017,-122.324774
37.501032,-122.325070
37.501046,-122.325364
37.501052,-122.325477
37.501065,-122.325702
37.501083,-122.325973
37.501109,-122.326261
37.501144,-122.326556
37.501186,-122.326854
37.501236,-122.327155
37.501296,-122.327459
37.501363,-122.327765
37.501440,-122.328074
37.501528,-122.328385
37.501623,-122.328696
37.501724,-122.329006
37.501763,-122.329125
37.501847,-122.329357
37.501957,-122.329624
37.502080,-122.329900
37.502214,-122.330171
37.502453,-122.330593
37.502638,-122.330910
37.502805,-122.331184
37.502967,-122.331436
37.503127,-122.331679
37.503285,-122.331917
37.503445,-122.332154
37.503506,-122.332244
37.503628,-122.332428
37.503776,-122.332643
37.503930,-122.332872
37.504087,-122.333104
37.504248,-122.333333
37.504417,-122.333557
37.504587,-122.333775
37.504758,-122.333986
37.504926,-122.334194
37.505079,-122.334404
37.505237,-122.334603
37.505297,-122.334678
37.505417,-122.334823
37.505553,-122.334981
37.505692,-122.335133
37.505841,-122.335266
37.505999,-122.335375
37.506168,-122.335461
37.506343,-122.335528
37.506522,-122.335577
37.506704,-122.335598
37.506890,-122.335595
37.507078,-122.335564
37.507263,-122.335505
37.507334,-122.335482
37.507472,-122.335410
37.507629,-122.335303
37.507789,-122.335171
37.507952,-122.335027
37.508116,-122.334874
37.508279,-122.334722
37.508439,-122.334570
37.508598,-122.334420
37.508758,-122.334272
37.508921,-122.334121
37.509088,-122.333962
37.509153,-122.333900
37.509283,-122.333765
37.509433,-122.333596
37.509589,-122.333417
37.509744,-122.333240
37.509896,-122.333063
37.510047,-122.332889
37.510197,-122.332713
37.510444,-122.332425
37.510630,-122.332206
37.510793,-122.332014
37.510946,-122.331832
37.511005,-122.331762
37.511120,-122.331623
37.511258,-122.331457
37.511406,-122.331280
37.511557,-122.331097
37.511710,-122.330914
37.511862,-122.330734
37.512014,-122.330558
37.512169,-122.330386
37.512327,-122.330219
37.512486,-122.330051
37.512649,-122.329899
37.512711,-122.329841
37.512847,-122.329735
37.513013,-122.329616
37.513193,-122.329496
37.513381,-122.329381
37.513574,-122.329277
37.513768,-122.329180
37.513965,-122.329090
37.514166,-122.329010
37.514370,-122.328943
37.514577,-122.328888
37.514785,-122.328845
37.514994,-122.328812
37.515074,-122.328800
37.515236,-122.328786
37.515428,-122.328778
37.515631,-122.328781
37.515838,-122.328795
37.516046,-122.328820
37.516254,-122.328855
37.516461,-122.328903
37.516666,-122.328963
37.516868,-122.329034
37.517071,-122.329119
37.517272,-122.329214
37.517349,-122.329250
37.517499,-122.329336
37.517676,-122.329447
37.517864,-122.329572
37.518056,-122.329705
37.518251,-122.329839
37.518449,-122.329974
37.518652,-122.330112
37.518861,-122.330254
37.519075,-122.330398
37.519290,-122.330542
37.519504,-122.330685
37.519587,-122.330740
37.519750,-122.330851
37.519945,-122.330984
37.520152,-122.331124
37.520363,-122.331266
37.520577,-122.331406
37.520793,-122.331542
37.521010,-122.331667
37.521229,-122.331782
37.521452,-122.331887
37.521677,-122.331983
37.521903,-122.332069
37.521989,-122.332101
37.522162,-122.332155
37.522370,-122.332210
37.522595,-122.332263
37.522827,-122.332305
37.523062,-122.332338
37.523295,-122.332360
37.523529,-122.332374
37.523761,-122.332380
37.523992,-122.332376
37.524222,-122.332360
37.524453,-122.332333
37.524541,-122.332322
37.524717,-122.332292
37.524926,-122.332249
37.525145,-122.332195
37.525368,-122.332133
37.525592,-122.332067
37.525816,-122.331993
37.526040,-122.331917
37.526264,-122.331840
37.526483,-122.331762
37.526701,-122.331686
37.526915,-122.331611
37.526996,-122.331582
37.527158,-122.331526
37.527349,-122.331461
37.527551,-122.331393
37.527758,-122.331322
37.527968,-122.331250
37.528180,-122.331176
37.528392,-122.331102
37.528606,-122.331028
37.528821,-122.330954
37.529039,-122.330880
37.529259,-122.330806
37.529343,-122.330778
37.529511,-122.330720
37.529712,-122.330650
37.529926,-122.330575
37.530145,-122.330497
37.530367,-122.330419
37.530592,-122.330341
37.530819,-122.330263
37.531047,-122.330184
37.531275,-122.330105
37.531504,-122.330025
37.531733,-122.329944
37.531963,-122.329863
37.532026,-122.329858
37.532187,-122.329790
37.532404,-122.329708
37.532638,-122.329626
37.532874,-122.329543
37.533108,-122.329462
37.533342,-122.329384
37.533578,-122.329313
37.533814,-122.329250
37.534052,-122.329194
37.534289,-122.329147
37.534527,-122.329107
37.534763,-122.329072
37.534854,-122.329058
37.535036,-122.329040
37.535251,-122.329023
37.535480,-122.329011
37.535716,-122.329008
37.535954,-122.329013
37.536194,-122.329024
37.536435,-122.329040
37.536675,-122.329066
37.536914,-122.329098
37.537154,-122.329139
37.537392,-122.329187
37.537630,-122.329239
37.537869,-122.329292
37.537960,-122.329313
37.538143,-122.329358
37.538360,-122.329414
37.538590,-122.329471
37.538825,-122.329528
37.539061,-122.329585
37.539298,-122.329642
37.539533,-122.329699
37.539767,-122.329756
37.540000,-122.329809
37.540233,-122.329848
37.540465,-122.329870
37.540697,-122.329872
37.540930,-122.329859
37.541161,-122.329835
37.541249,-122.329826
37.541423,-122.329790
37.541627,-122.329739
37.541842,-122.329669
37.542056,-122.329582
37.542269,-122.329482
37.542479,-122.329365
37.542683,-122.329237
37.542878,-122.329096
37.543065,-122.328943
37.543245,-122.328781
37.543417,-122.328605
37.543583,-122.328419
37.543646,-122.328347
37.543768,-122.328195
37.543911,-122.328008
37.544064,-122.327808
37.544221,-122.327600
37.544383,-122.327395
37.544544,-122.327184
37.544707,-122.326972
37.544869,-122.326760
37.545031,-122.326546
37.545193,-122.326335
37.545355,-122.326122
37.545519,-122.325908
37.545582,-122.325826
37.545706,-122.325661
37.545853,-122.325464
37.546008,-122.325253
37.546161,-122.325031
37.546305,-122.324800
37.546440,-122.324556
37.546566,-122.324302
37.546681,-122.324040
37.546787,-122.323772
37.546886,-122.323496
37.546972,-122.323211
37.547051,-122.322925
37.547114,-122.322640
37.547179,-122.322623
37.547183,-122.322377
37.547214,-122.322084
37.547254,-122.321782
37.547300,-122.321479
37.547348,-122.321181
37.547398,-122.320891
37.547445,-122.320604
37.547500,-122.320324
37.547559,-122.320052
37.547621,-122.319786
37.547687,-122.319533
37.547754,-122.319291
37.547823,-122.319058
37.547895,-122.318830
37.547967,-122.318603
37.547995,-122.318517
37.548048,-122.318344
37.548115,-122.318138
37.548186,-122.317919
37.548260,-122.317700
37.548334,-122.317490
37.548394,-122.317290
37.548452,-122.317109
37.548507,-122.316941
37.548555,-122.316777
37.548603,-122.316615
37.548650,-122.316456
37.548697,-122.316300
37.548742,-122.316146
37.548784,-122.315992
37.548828,-122.315836
37.548844,-122.315775
37.548875,-122.315648
37.548914,-122.315493
37.548955,-122.315337
37.548989,-122.315194
37.549020,-122.315068
37.549048,-122.314964
37.549069,-122.314881
37.549086,-122.314815
37.549098,-122.314761
37.549109,-122.314715
37.549120,-122.314674
37.549130,-122.314631
37.549142,-122.314585
37.549147,-122.314566
37.549155,-122.314527
37.549166,-122.314480
37.549178,-122.314426
37.549195,-122.314368
37.549214,-122.314303
37.549235,-122.314237
37.549250,-122.314172
37.549268,-122.314108
37.549285,-122.314045
37.549299,-122.313985
37.549313,-122.313928
37.549325,-122.313875
37.549329,-122.313856
37.549339,-122.313822
37.549348,-122.313788
37.549358,-122.313753
37.549370,-122.313714
37.549384,-122.313666
37.549402,-122.313609
37.549422,-122.313551
37.549439,-122.313498
37.549456,-122.313452
37.549474,-122.313406
37.549493,-122.313358
37.549511,-122.313309
37.549524,-122.313305
37.549531,-122.313268
37.549544,-122.313229
37.549558,-122.313194
37.549570,-122.313162
37.549582,-122.313132
37.549592,-122.313105
37.549601,-122.313079
37.549612,-122.313053
37.549624,-122.313024
37.549638,-122.312993
37.549653,-122.312960
37.549672,-122.312921
37.549693,-122.312878
37.549714,-122.312831
37.549722,-122.312813
37.549741,-122.312775
37.549765,-122.312727
37.549794,-122.312674
37.549823,-122.312621
37.549851,-122.312568
37.549879,-122.312516
37.549906,-122.312467
37.549929,-122.312425
37.549947,-122.312391
37.549964,-122.312363
37.549993,-122.312315
37.550023,-122.312275
37.550036,-122.312259
37.550060,-122.312221
37.550109,-122.312143
37.550149,-122.312080
37.550187,-122.312021
37.550226,-122.311961
37.550268,-122.311897
37.550309,-122.311832
37.550350,-122.311766
37.550389,-122.311701
37.550432,-122.311655
37.550469,-122.311579
37.550514,-122.311499
37.550533,-122.311465
37.550571,-122.311405
37.550651,-122.311277
37.550718,-122.311169
37.550782,-122.311064
37.550850,-122.310988
37.550906,-122.310873
37.550970,-122.310757
37.551035,-122.310643
37.551101,-122.310530
37.551253,-122.310271
37.551313,-122.310171
37.551380,-122.310060
37.551447,-122.309949
37.551507,-122.309848
37.551556,-122.309764
37.551594,-122.309693
37.551676,-122.309550
37.551731,-122.309453
37.551779,-122.309367
37.551828,-122.309281
37.551876,-122.309185
37.551902,-122.309177
37.551960,-122.309032
37.552014,-122.308882
37.552069,-122.308726
37.552119,-122.308567
37.552165,-122.308410
37.552208,-122.308246
37.552249,-122.308076
37.552305,-122.307786
37.552340,-122.307559
37.552364,-122.307352
37.552379,-122.307152
37.552389,-122.306953
37.552395,-122.306752
37.552398,-122.306675
37.552401,-122.306520
37.552403,-122.306333
37.552406,-122.306133
37.552411,-122.305926
37.552414,-122.305716
37.552418,-122.305507
37.552420,-122.305300
37.552422,-122.305096
37.552425,-122.304895
37.552428,-122.304694
37.552431,-122.304494
37.552433,-122.304293
37.552434,-122.304217
37.552437,-122.304063
37.552440,-122.303880
37.552442,-122.303683
37.552446,-122.303479
37.552449,-122.303273
37.552451,-122.303064
37.552456,-122.302848
37.552461,-122.302624
37.552463,-122.302391
37.552464,-122.302162
37.552464,-122.301943
37.552460,-122.301731
37.552459,-122.301651
37.552453,-122.301488
37.552449,-122.301287
37.552455,-122.301069
37.552464,-122.300840
37.552472,-122.300603
37.552478,-122.300362
37.552484,-122.300118
37.552488,-122.299874
37.552489,-122.299632
37.552490,-122.299394
37.552491,-122.299159
37.552490,-122.298930
37.552489,-122.298843
37.552476,-122.298672
37.552450,-122.298470
37.552412,-122.298262
37.552359,-122.298053
37.552298,-122.297846
37.552231,-122.297639
37.552160,-122.297434
37.552092,-122.297229
37.552023,-122.297024
37.551955,-122.296822
37.551886,-122.296620
37.551860,-122.296544
37.551814,-122.296392
37.551759,-122.296210
37.551706,-122.296017
37.551649,-122.295817
37.551591,-122.295613
37.551533,-122.295406
37.551464,-122.295200
37.551377,-122.295006
37.551276,-122.294824
37.551092,-122.294567
37.550951,-122.294386
37.550899,-122.294317
37.550806,-122.294206
37.550694,-122.294081
37.550576,-122.293950
37.550548,-122.293860
37.550380,-122.293714
37.550223,-122.293564
37.550073,-122.293416
37.549926,-122.293270
37.549782,-122.293125
37.549640,-122.292982
37.549499,-122.292839
37.549361,-122.292692
37.549307,-122.292636
37.549202,-122.292519
37.549072,-122.292380
37.548930,-122.292233
37.548781,-122.292087
37.548630,-122.291945
37.548480,-122.291806
37.548330,-122.291667
37.548179,-122.291528
37.548027,-122.291386
37.547773,-122.291154
37.547577,-122.290974
37.547501,-122.290905
37.547373,-122.290787
37.547223,-122.290650
37.547064,-122.290504
37.546902,-122.290353
37.546738,-122.290200
37.546572,-122.290046
37.546407,-122.289893
37.546244,-122.289741
37.546079,-122.289589
37.545914,-122.289438
37.545750,-122.289285
37.545687,-122.289227
37.545561,-122.289110
37.545410,-122.288972
37.545252,-122.288825
37.545089,-122.288674
37.544923,-122.288520
37.544756,-122.288363
37.544584,-122.288204
37.544414,-122.288052
37.544238,-122.287891
37.544057,-122.287720
37.543873,-122.287545
37.543685,-122.287371
37.543497,-122.287200
37.543425,-122.287135
37.543280,-122.287004
37.543110,-122.286845
37.542929,-122.286677
37.542745,-122.286507
37.542559,-122.286334
37.542368,-122.286161
37.542178,-122.285982
37.541986,-122.285810
37.541797,-122.285633
37.541608,-122.285458
37.541422,-122.285284
37.541351,-122.285218
37.541352,-122.285139
37.541128,-122.284969
37.540914,-122.284788
37.540711,-122.284607
37.540515,-122.284427
37.540323,-122.284250
37.540133,-122.284072
37.539944,-122.283893
37.539755,-122.283713
37.539565,-122.283537
37.539376,-122.283360
37.539185,-122.283184
37.538995,-122.283009
37.538803,-122.282833
37.538610,-122.282656
37.538415,-122.282476
37.538219,-122.282293
37.538022,-122.282107
37.537823,-122.281922
37.537747,-122.281850
37.537594,-122.281710
37.537413,-122.281543
37.537223,-122.281366
37.537028,-122.281185
37.536832,-122.281003
37.536636,-122.280822
37.536439,-122.280641
37.536243,-122.280457
37.535805,-122.280052
37.535515,-122.279785
37.535283,-122.279570
37.535071,-122.279374
37.534867,-122.279186
37.534939,-122.279172
37.534597,-122.278899
37.534450,-122.278784
37.534138,-122.278505
37.533891,-122.278281
37.533671,-122.278079
37.533463,-122.277884
37.533258,-122.277693
37.533055,-122.277503
37.532851,-122.277315
37.532648,-122.277127
37.532444,-122.276938
37.532240,-122.276749
37.532035,-122.276560
37.531831,-122.276371
37.531628,-122.276181
37.531426,-122.275989
37.531223,-122.275792
37.531146,-122.275717
37.530992,-122.275564
37.530809,-122.275380
37.530615,-122.275183
37.530416,-122.274978
37.530216,-122.274769
37.530016,-122.274554
37.529817,-122.274336
37.529620,-122.274114
37.529425,-122.273890
37.529230,-122.273665
37.529034,-122.273440
37.528836,-122.273214
37.528637,-122.272985
37.528436,-122.272757
37.528359,-122.272669
37.528205,-122.272493
37.528023,-122.272282
37.527830,-122.272059
37.527631,-122.271832
37.527431,-122.271603
37.527230,-122.271373
37.527031,-122.271147
37.526836,-122.270924
37.526645,-122.270705
37.526342,-122.270358
37.526115,-122.270101
37.525917,-122.269876
37.525728,-122.269663
37.525656,-122.269582
37.525514,-122.269424
37.525350,-122.269236
37.525174,-122.269036
37.524996,-122.268834
37.524819,-122.268632
37.524642,-122.268429
37.524464,-122.268227
37.524284,-122.268025
37.524104,-122.267822
37.523922,-122.267617
37.523740,-122.267410
37.523557,-122.267204
37.523374,-122.266999
37.523192,-122.266791
37.523007,-122.266583
37.522822,-122.266374
37.522751,-122.266294
37.522609,-122.266134
37.522441,-122.265943
37.522263,-122.265741
37.522081,-122.265533
37.521898,-122.265323
37.521713,-122.265111
37.521529,-122.264903
37.521344,-122.264691
37.521158,-122.264481
37.520972,-122.264272
37.520787,-122.264064
37.520601,-122.263855
37.520417,-122.263645
37.520231,-122.263435
37.520046,-122.263227
37.519861,-122.263017
37.519791,-122.262937
37.519649,-122.262777
37.519480,-122.262586
37.519301,-122.262383
37.519118,-122.262175
37.518934,-122.261965
37.518748,-122.261756
37.518563,-122.261545
37.518377,-122.261335
37.518191,-122.261125
37.518005,-122.260915
37.517820,-122.260705
37.517634,-122.260495
37.517449,-122.260284
37.517263,-122.260075
37.517193,-122.259995
37.517051,-122.259834
37.517029,-122.259711
37.516788,-122.259490
37.516566,-122.259265
37.516362,-122.259045
37.516169,-122.258829
37.515982,-122.258619
37.515798,-122.258411
37.515617,-122.258206
37.515439,-122.258003
37.515262,-122.257802
37.515085,-122.257601
37.514906,-122.257401
37.514726,-122.257200
37.514546,-122.256999
37.514478,-122.256922
37.514341,-122.256767
37.514177,-122.256584
37.514004,-122.256388
37.513814,-122.256193
37.513610,-122.256006
37.513419,-122.255813
37.513239,-122.255614
37.513064,-122.255413
37.512886,-122.255210
37.512707,-122.255008
37.512529,-122.254805
37.512351,-122.254601
37.512173,-122.254397
37.511995,-122.254193
37.511819,-122.253991
37.511644,-122.253790
37.511468,-122.253591
37.511295,-122.253392
37.511122,-122.253194
37.510949,-122.252996
37.510776,-122.252799
37.510603,-122.252599
37.510108,-122.252040
37.509811,-122.251705
37.509591,-122.251456
37.509399,-122.251238
37.509218,-122.251033
37.509042,-122.250832
37.508975,-122.250754
37.508842,-122.250603
37.508685,-122.250422
37.508518,-122.250231
37.508347,-122.250035
37.508173,-122.249839
37.508000,-122.249641
37.507827,-122.249444
37.507654,-122.249248
37.507483,-122.249053
37.507316,-122.248863
37.507158,-122.248683
37.507008,-122.248515
37.506871,-122.248357
37.506746,-122.248211
37.506628,-122.248075
37.506586,-122.248025
37.506502,-122.247928
37.506404,-122.247814
37.506301,-122.247693
37.506130,-122.247498
37.505997,-122.247346
37.505877,-122.247210
37.505762,-122.247080
37.505647,-122.246950
37.505530,-122.246820
37.505413,-122.246688
37.505295,-122.246555
37.505175,-122.246418
37.505056,-122.246280
37.504936,-122.246144
37.504890,-122.246092
37.504725,-122.245906
37.504662,-122.245834
37.504565,-122.245725
37.504458,-122.245602
37.504351,-122.245479
37.504247,-122.245358
37.504144,-122.245240
37.504125,-122.245161
37.503929,-122.244969
37.503793,-122.244829
37.503689,-122.244718
37.503601,-122.244620
37.503521,-122.244528
37.503443,-122.244438
37.503368,-122.244350
37.503293,-122.244265
37.503264,-122.244232
37.503207,-122.244167
37.503136,-122.244086
37.503005,-122.243940
37.502852,-122.243767
37.502742,-122.243642
37.502650,-122.243537
37.502569,-122.243445
37.502496,-122.243362
37.502428,-122.243284
37.502365,-122.243212
37.502228,-122.243055
37.502136,-122.242951
37.502057,-122.242863
37.501982,-122.242779
37.501953,-122.242747
37.501895,-122.242682
37.501825,-122.242603
37.501747,-122.242516
37.501609,-122.242360
37.501498,-122.242235
37.501395,-122.242120
37.501296,-122.242009
37.501199,-122.241900
37.501103,-122.241791
37.501009,-122.241683
37.500917,-122.241578
37.500827,-122.241476
37.500738,-122.241377
37.500775,-122.241371
37.500677,-122.241287
37.500578,-122.241187
37.500481,-122.241083
37.500387,-122.240980
37.500295,-122.240877
37.500205,-122.240774
37.500114,-122.240669
37.500024,-122.240563
37.499933,-122.240457
37.499843,-122.240352
37.499753,-122.240246
37.499665,-122.240143
37.499578,-122.240042
37.499497,-122.239948
37.499470,-122.239915
37.499477,-122.239883
37.499411,-122.239828
37.499377,-122.239798
37.499363,-122.239784
37.499353,-122.239774
37.499343,-122.239763
37.499329,-122.239748
37.499309,-122.239725
37.499281,-122.239693
37.499245,-122.239652
37.499204,-122.239603
37.499159,-122.239549
37.499113,-122.239495
37.499068,-122.239439
37.499020,-122.239379
37.498967,-122.239312
37.498913,-122.239242
37.498862,-122.239173
37.498842,-122.239146
37.498775,-122.239055
37.498660,-122.238894
37.498602,-122.238812
37.498566,-122.238761
37.498538,-122.238721
37.498516,-122.238687
37.498496,-122.238659
37.498479,-122.238632
37.498460,-122.238605
37.498442,-122.238578
37.498424,-122.238552
37.498406,-122.238525
37.498414,-122.238524
37.498393,-122.238501
37.498372,-122.238473
37.498348,-122.238440
37.498320,-122.238398
37.498293,-122.238357
37.498269,-122.238318
37.498245,-122.238278
37.498222,-122.238238
37.498200,-122.238200
37.498178,-122.238164
37.498158,-122.238130
37.498139,-122.238096
37.498117,-122.238061
37.498090,-122.238017
37.498054,-122.237959
37.498038,-122.237934
37.498038,-122.237897
37.497975,-122.237809
37.497944,-122.237725
37.497866,-122.237606
37.497791,-122.237481
37.497722,-122.237355
37.497658,-122.237232
37.497596,-122.237108
37.497537,-122.236985
37.497448,-122.236782
37.497238,-122.236265
37.497121,-122.235968
37.497037,-122.235752
37.496965,-122.235562
37.496897,-122.235378
37.496870,-122.235306
37.496821,-122.235163
37.496763,-122.234988
37.496706,-122.234797
37.496648,-122.234598
37.496592,-122.234395
37.496534,-122.234193
37.496477,-122.233992
37.496420,-122.233789
37.496362,-122.233586
37.496305,-122.233384
37.496234,-122.233181
37.496127,-122.232842
37.496047,-122.232575
37.495980,-122.232334
37.495954,-122.232241
37.495904,-122.232067
37.495844,-122.231860
37.495780,-122.231636
37.495713,-122.231406
37.495645,-122.231170
37.495575,-122.230929
37.495417,-122.230375
37.495311,-122.230004
37.495224,-122.229702
37.495144,-122.229425
37.495067,-122.229155
37.495036,-122.229051
37.494930,-122.228680
37.494889,-122.228537
37.494826,-122.228316
37.494754,-122.228068
37.494677,-122.227812
37.494601,-122.227550
37.494523,-122.227287
37.494443,-122.227023
37.494361,-122.226760
37.494279,-122.226500
37.494197,-122.226245
37.494113,-122.225995
37.494031,-122.225748
37.493948,-122.225503
37.493864,-122.225257
37.493777,-122.225011
37.493744,-122.224917
37.493674,-122.224729
37.493591,-122.224504
37.493501,-122.224265
37.493406,-122.224020
37.493178,-122.223458
37.493023,-122.223085
37.492894,-122.222782
37.492773,-122.222506
37.492655,-122.222238
37.492537,-122.221973
37.492492,-122.221871
37.492332,-122.221504
37.492198,-122.221200
37.492146,-122.221083
37.492054,-122.220872
37.491941,-122.220633
37.491817,-122.220376
37.491700,-122.220109
37.491584,-122.219842
37.491466,-122.219576
37.491351,-122.219311
37.491236,-122.219047
37.491121,-122.218785
37.491009,-122.218525
37.490894,-122.218265
37.490779,-122.218002
37.490663,-122.217737
37.490547,-122.217470
37.490618,-122.217453
37.490473,-122.217226
37.490336,-122.216957
37.490209,-122.216681
37.490198,-122.216489
37.490034,-122.216195
37.489895,-122.215899
37.489772,-122.215610
37.489658,-122.215327
37.489551,-122.215046
37.489448,-122.214765
37.489350,-122.214484
37.489254,-122.214206
37.489161,-122.213929
37.489070,-122.213651
37.488981,-122.213372
37.488895,-122.213090
37.488811,-122.212808
37.488729,-122.212525
37.488698,-122.212416
37.488642,-122.212193
37.488578,-122.211921
37.488509,-122.211626
37.488435,-122.211323
37.488360,-122.211016
37.488288,-122.210710
37.488143,-122.210049
37.488052,-122.209617
37.487983,-122.209267
37.487921,-122.208941
37.487833,-122.208434
37.487891,-122.208339
37.487773,-122.207866
37.487697,-122.207483
37.487641,-122.207147
37.487597,-122.206835
37.487558,-122.206536
37.487523,-122.206243
37.487487,-122.205955
37.487450,-122.205668
37.487413,-122.205381
37.487376,-122.205094
37.487338,-122.204808
37.487302,-122.204521
37.487265,-122.204235
37.487229,-122.203952
37.487194,-122.203676
37.487161,-122.203412
37.487224,-122.203398
37.487120,-122.202879
37.487077,-122.202667
37.487021,-122.202289
37.486985,-122.202007
37.486955,-122.201768
37.486927,-122.201546
37.486900,-122.201332
37.486872,-122.201118
37.486843,-122.200900
37.486815,-122.200676
37.486785,-122.200447
37.486755,-122.200212
37.486726,-122.199971
37.486676,-122.199572
37.486636,-122.199259
37.486601,-122.198975
37.486564,-122.198697
37.486529,-122.198419
37.486493,-122.198141
37.486457,-122.197860
37.486421,-122.197575
37.486386,-122.197292
37.486351,-122.197012
37.486316,-122.196730
37.486303,-122.196622
37.486275,-122.196406
37.486243,-122.196148
37.486208,-122.195877
37.486174,-122.195605
37.486139,-122.195334
37.486104,-122.195066
37.486070,-122.194805
37.486035,-122.194553
37.486001,-122.194309
37.485963,-122.194069
37.485929,-122.193831
37.485898,-122.193595
37.485866,-122.193359
37.485835,-122.193119
37.485804,-122.192876
37.485771,-122.192630
37.485740,-122.192383
37.485728,-122.192288
37.485703,-122.192098
37.485673,-122.191872
37.485641,-122.191632
37.485609,-122.191387
37.485578,-122.191142
37.485548,-122.190897
37.485516,-122.190650
37.485483,-122.190402
37.485451,-122.190151
37.485417,-122.189900
37.485385,-122.189646
37.485350,-122.189393
37.485311,-122.189139
37.485268,-122.188884
37.485224,-122.188629
37.485181,-122.188377
37.485164,-122.188281
37.485131,-122.188092
37.485091,-122.187868
37.485050,-122.187631
37.485006,-122.187393
37.484961,-122.187157
37.484917,-122.186923
37.484872,-122.186694
37.484826,-122.186469
37.484782,-122.186252
37.484737,-122.186048
37.484693,-122.185854
37.484650,-122.185664
37.484608,-122.185477
37.484565,-122.185295
37.484520,-122.185117
37.484475,-122.184950
37.484436,-122.184816
37.484423,-122.184770
37.484408,-122.184714
37.484400,-122.184673
37.484393,-122.184642
37.484386,-122.184614
37.484378,-122.184585
37.484368,-122.184555
37.484361,-122.184529
37.484355,-122.184508
37.484352,-122.184492
37.484357,-122.184487
37.484357,-122.184482
37.484354,-122.184478
37.484354,-122.184473
37.484352,-122.184469
37.484350,-122.184468
37.484348,-122.184465
37.484345,-122.184458
37.484344,-122.184454
37.484338,-122.184426
37.484332,-122.184402
37.484330,-122.184392
37.484323,-122.184369
37.484312,-122.184330
37.484297,-122.184276
37.484278,-122.184209
37.484253,-122.184129
37.484222,-122.184038
37.484189,-122.183939
37.484153,-122.183834
37.484115,-122.183728
37.484078,-122.183625
37.484044,-122.183529
37.484015,-122.183444
37.483990,-122.183373
37.483969,-122.183316
37.483953,-122.183269
37.483948,-122.183253
37.483938,-122.183224
37.483928,-122.183195
37.483922,-122.183174
37.483916,-122.183156
37.483910,-122.183139
37.483903,-122.183121
37.483896,-122.183100
37.483888,-122.183079
37.483876,-122.183050
37.483858,-122.183016
37.483833,-122.182972
37.483803,-122.182918
37.483767,-122.182856
37.483725,-122.182789
37.483676,-122.182722
37.483656,-122.182696
37.483613,-122.182645
37.483552,-122.182588
37.483479,-122.182532
37.483397,-122.182483
37.483306,-122.182444
37.483210,-122.182410
37.483114,-122.182376
37.483023,-122.182337
37.482942,-122.182295
37.482869,-122.182248
37.482806,-122.182203
37.482755,-122.182166
37.482720,-122.182138
37.482701,-122.182124
37.482714,-122.182124
37.482714,-122.182124
37.482712,-122.182123
37.482711,-122.182123
37.482710,-122.182124
37.482708,-122.182124
37.482708,-122.182125
37.482707,-122.182125
37.482707,-122.182125
37.482707,-122.182125
37.482694,-122.182115
37.482666,-122.182103
37.482623,-122.182097
37.482575,-122.182112
37.482530,-122.182155
37.482487,-122.182219
37.482438,-122.182300
37.482384,-122.182398
37.482323,-122.182506
37.482298,-122.182550
37.482243,-122.182638
37.482169,-122.182744
37.482083,-122.182858
37.481991,-122.182977
37.481897,-122.183101
37.481801,-122.183228
37.481705,-122.183352
37.481609,-122.183472
37.481514,-122.183587
37.481418,-122.183698
37.481323,-122.183805
37.481228,-122.183911
37.481134,-122.184013
37.481041,-122.184109
37.480947,-122.184201
37.480912,-122.184236
37.480840,-122.184301
37.480755,-122.184377
37.480664,-122.184454
37.480516,-122.184574
37.480404,-122.184662
37.480304,-122.184736
37.480210,-122.184802
37.480118,-122.184862
37.480025,-122.184919
37.479929,-122.184977
37.479830,-122.185035
37.479727,-122.185094
37.479621,-122.185156
37.479511,-122.185218
37.479469,-122.185243
37.479383,-122.185288
37.479278,-122.185344
37.479165,-122.185407
37.479049,-122.185473
37.478931,-122.185542
37.478808,-122.185613
37.478682,-122.185683
37.478558,-122.185753
37.478438,-122.185821
37.478319,-122.185888
37.478203,-122.185954
37.478087,-122.186019
37.477972,-122.186084
37.477857,-122.186151
37.477745,-122.186216
37.477635,-122.186281
37.477594,-122.186306
37.477511,-122.186356
37.477408,-122.186416
37.477294,-122.186482
37.477181,-122.186549
37.477082,-122.186610
37.477001,-122.186658
37.476941,-122.186693
37.476902,-122.186717
37.476884,-122.186728
37.476901,-122.186727
37.476901,-122.186727
37.476898,-122.186728
37.476896,-122.186730
37.476894,-122.186731
37.476892,-122.186731
37.476892,-122.186733
37.476892,-122.186735
37.476892,-122.186736
37.476890,-122.186737
37.476890,-122.186738
37.476889,-122.186738
37.476887,-122.186739
37.476887,-122.186739
37.476886,-122.186740
37.476885,-122.186740
37.476884,-122.186740
37.476884,-122.186740
37.476883,-122.186740
37.476883,-122.186740
37.476882,-122.186741
37.476882,-122.186741
37.476882,-122.186741
37.476881,-122.186741
37.476881,-122.186741
37.476881,-122.186741
37.476881,-122.186742
37.476881,-122.186742
37.476881,-122.186742
37.476881,-122.186743
37.476881,-122.186743
37.476880,-122.186743
37.476880,-122.186743
37.476880,-122.186743
37.476881,-122.186743
37.476880,-122.186743
37.476880,-122.186744
37.476880,-122.186744
37.476880,-122.186745
37.476880,-122.186745
37.476881,-122.186747
37.476881,-122.186748
37.476881,-122.186750
37.476819,-122.186782
37.476748,-122.186819
37.476670,-122.186859
37.476636,-122.186877
37.476569,-122.186913
37.476487,-122.186960
37.476395,-122.187012
37.476296,-122.187065
37.476190,-122.187125
37.476078,-122.187189
37.475960,-122.187257
37.475837,-122.187327
37.475713,-122.187398
37.475585,-122.187470
37.475455,-122.187545
37.475321,-122.187621
37.475183,-122.187699
37.475130,-122.187730
37.475021,-122.187791
37.474895,-122.187864
37.474764,-122.187941
37.474631,-122.188021
37.474498,-122.188099
37.474366,-122.188175
37.474235,-122.188251
37.474107,-122.188328
37.473980,-122.188405
37.473857,-122.188484
37.473735,-122.188564
37.473613,-122.188638
37.473490,-122.188708
37.473444,-122.188735
37.473353,-122.188782
37.473245,-122.188840
37.473132,-122.188907
37.473014,-122.188975
37.472896,-122.189042
37.472776,-122.189109
37.472653,-122.189178
37.472525,-122.189250
37.472396,-122.189323
37.472265,-122.189397
37.472137,-122.189472
37.472006,-122.189548
37.471874,-122.189624
37.471823,-122.189653
37.471722,-122.189708
37.471605,-122.189776
37.471479,-122.189848
37.471354,-122.189920
37.471227,-122.189997
37.471098,-122.190077
37.470965,-122.190156
37.470833,-122.190237
37.470703,-122.190311
37.470578,-122.190386
37.470383,-122.190500
37.470236,-122.190593
37.470180,-122.190629
37.470079,-122.190678
37.469960,-122.190729
37.469837,-122.190798
37.469713,-122.190852
37.469590,-122.190914
37.469469,-122.190976
37.469349,-122.191052
37.469226,-122.191125
37.469107,-122.191198
37.468993,-122.191272
37.468891,-122.191336
37.468808,-122.191387
37.468750,-122.191426
37.468712,-122.191449
37.468695,-122.191463
37.468694,-122.191466
37.468703,-122.191463
37.468701,-122.191463
37.468696,-122.191463
37.468692,-122.191462
37.468688,-122.191463
37.468685,-122.191466
37.468683,-122.191468
37.468681,-122.191470
37.468679,-122.191473
37.468678,-122.191474
37.468677,-122.191475
37.468676,-122.191476
37.468676,-122.191477
37.468675,-122.191479
37.468675,-122.191480
37.468674,-122.191482
37.468673,-122.191483
37.468673,-122.191484
37.468672,-122.191484
37.468671,-122.191485
37.468670,-122.191485
37.468669,-122.191486
37.468668,-122.191487
37.468666,-122.191487
37.468665,-122.191487
37.468664,-122.191487
37.468664,-122.191486
37.468664,-122.191486
37.468663,-122.191487
37.468663,-122.191487
37.468662,-122.191486
37.468661,-122.191486
37.468660,-122.191485
37.468659,-122.191484
37.468658,-122.191483
37.468656,-122.191481
37.468656,-122.191480
37.468655,-122.191481
37.468654,-122.191481
37.468653,-122.191482
37.468653,-122.191482
37.468652,-122.191481
37.468651,-122.191481
37.468650,-122.191481
37.468650,-122.191481
37.468651,-122.191480
37.468652,-122.191480
37.468653,-122.191479
37.468655,-122.191478
37.468655,-122.191478
37.468656,-122.191477
37.468657,-122.191477
37.468658,-122.191476
37.468658,-122.191476
37.468658,-122.191475
37.468658,-122.191474
37.468658,-122.191473
37.468657,-122.191472
37.468656,-122.191473
37.468655,-122.191473
37.468653,-122.191474
37.468651,-122.191473
37.468650,-122.191472
37.468648,-122.191472
37.468647,-122.191471
37.468647,-122.191471
37.468646,-122.191471
37.468646,-122.191472
37.468646,-122.191472
37.468646,-122.191473
37.468646,-122.191473
37.468647,-122.191474
37.468648,-122.191475
37.468649,-122.191474
37.468649,-122.191474
37.468651,-122.191475
37.476437,-122.191479
37.471619,-122.191481
37.469766,-122.191491
37.469037,-122.191509
37.468731,-122.191530
37.468579,-122.191538
37.468484,-122.191522
37.468419,-122.191472
37.468364,-122.191397
37.468307,-122.191299
37.468248,-122.191186
37.468189,-122.191065
37.468126,-122.190941
37.468062,-122.190810
37.467997,-122.190679
37.467930,-122.190547
37.467905,-122.190496
37.467857,-122.190391
37.467797,-122.190267
37.467736,-122.190133
37.467675,-122.190009
37.467622,-122.189906
37.467575,-122.189838
37.467526,-122.189817
37.467481,-122.189831
37.467433,-122.189864
37.467372,-122.189910
37.467295,-122.189969
37.467207,-122.190036
37.467113,-122.190108
37.467014,-122.190182
37.466914,-122.190260
37.466875,-122.190290
37.466799,-122.190351
37.466704,-122.190425
37.466603,-122.190504
37.466501,-122.190581
37.466401,-122.190657
37.466304,-122.190736
37.466206,-122.190814
37.466106,-122.190892
37.466006,-122.190970
37.465906,-122.191047
37.465809,-122.191128
37.465707,-122.191205
37.465605,-122.191285
37.465502,-122.191362
37.465462,-122.191392
37.465383,-122.191451
37.465291,-122.191522
37.465192,-122.191600
37.465091,-122.191678
37.464989,-122.191756
37.464886,-122.191837
37.464782,-122.191918
37.464678,-122.192000
37.464572,-122.192078
37.464465,-122.192160
37.464354,-122.192243
37.464240,-122.192330
37.464123,-122.192418
37.464005,-122.192507
37.463888,-122.192594
37.463843,-122.192628
37.463755,-122.192697
37.463648,-122.192776
37.463537,-122.192862
37.463425,-122.192951
37.463313,-122.193038
37.463203,-122.193126
37.463094,-122.193213
37.462983,-122.193299
37.462871,-122.193383
37.462761,-122.193467
37.462652,-122.193552
37.462543,-122.193630
37.462440,-122.193711
37.462341,-122.193790
37.462304,-122.193819
37.462233,-122.193875
37.462149,-122.193936
37.462061,-122.193997
37.461968,-122.194058
37.461876,-122.194126
37.461777,-122.194195
37.461676,-122.194273
37.461573,-122.194350
37.461469,-122.194429
37.461363,-122.194507
37.461257,-122.194586
37.461149,-122.194665
37.461048,-122.194751
37.461009,-122.194784
37.460931,-122.194847
37.460833,-122.194919
37.460728,-122.194994
37.460623,-122.195071
37.460519,-122.195148
37.460414,-122.195220
37.460313,-122.195291
37.460218,-122.195361
37.460130,-122.195422
37.460064,-122.195481
37.460016,-122.195521
37.459990,-122.195541
37.460004,-122.195535
37.459999,-122.195531
37.459991,-122.195529
37.459987,-122.195528
37.459976,-122.195533
37.459967,-122.195560
37.459979,-122.195617
37.460014,-122.195699
37.460068,-122.195804
37.460130,-122.195929
37.460190,-122.196080
37.460258,-122.196248
37.460333,-122.196416
37.460410,-122.196581
37.460485,-122.196749
37.460559,-122.196920
37.460632,-122.197087
37.460706,-122.197250
37.460746,-122.197260
37.460785,-122.197396
37.460851,-122.197552
37.460927,-122.197712
37.461005,-122.197874
37.461083,-122.198034
37.461161,-122.198194
37.461240,-122.198354
37.461319,-122.198513
37.461398,-122.198672
37.461477,-122.198831
37.461558,-122.198987
37.461631,-122.199142
37.461695,-122.199292
37.461754,-122.199432
37.461776,-122.199483
37.461815,-122.199573
37.461854,-122.199662
37.461889,-122.199738
37.461916,-122.199797
37.461936,-122.199838
37.461945,-122.199862
37.461949,-122.199872
37.461950,-122.199870
37.461947,-122.199870
37.461945,-122.199870
37.461944,-122.199869
37.461943,-122.199869
37.461943,-122.199869
37.461944,-122.199871
37.461946,-122.199877
37.461950,-122.199886
37.461954,-122.199896
37.461957,-122.199900
37.461958,-122.199901
37.461958,-122.199902
37.461957,-122.199903
37.461957,-122.199903
37.461957,-122.199903
37.461958,-122.199902
37.461959,-122.199902
37.461960,-122.199902
37.461961,-122.199901
37.461962,-122.199901
37.461963,-122.199900
37.461965,-122.199901
37.461966,-122.199900
37.461968,-122.199899
37.461968,-122.199898
37.461969,-122.199898
37.461969,-122.199898
37.461970,-122.199898
37.461971,-122.199898
37.461972,-122.199897
37.461972,-122.199897
37.461973,-122.199897
37.461974,-122.199897
37.461974,-122.199897
37.461974,-122.199897
37.461974,-122.199897
37.461974,-122.199897
37.461975,-122.199896
37.461975,-122.199894
37.461975,-122.199893
37.461976,-122.199893
37.461976,-122.199892
37.461976,-122.199892
37.461976,-122.199892
37.461977,-122.199892
37.461977,-122.199891
37.461977,-122.199890
37.461977,-122.199889
37.461977,-122.199888
37.461977,-122.199888
37.461977,-122.199887
37.461977,-122.199888
37.461977,-122.199888
37.461977,-122.199889
37.461977,-122.199889
37.461978,-122.199890
37.461978,-122.199890
37.461982,-122.199896
37.461992,-122.199915
37.462011,-122.199951
37.462037,-122.199999
37.462050,-122.200055
37.462029,-122.200098
37.461989,-122.200103
37.461953,-122.200065
37.461914,-122.200001
37.461868,-122.199913
37.461813,-122.199801
37.461747,-122.199670
37.461671,-122.199523
37.461589,-122.199360
37.461556,-122.199295
37.461483,-122.199162
37.461401,-122.199001
37.461312,-122.198826
37.461212,-122.198652
37.461120,-122.198464
37.461023,-122.198267
37.460930,-122.198062
37.460834,-122.197855
37.460734,-122.197652
37.460631,-122.197451
37.460531,-122.197251
37.460433,-122.197049
37.460335,-122.196849
37.460297,-122.196774
37.460223,-122.196624
37.460136,-122.196447
37.460049,-122.196261
37.459957,-122.196074
37.459868,-122.195887
37.459725,-122.195596
37.459614,-122.195377
37.459517,-122.195183
37.459423,-122.195004
37.459334,-122.194827
37.459245,-122.194649
37.459154,-122.194469
37.459056,-122.194284
37.458960,-122.194101
37.458923,-122.194030
37.458856,-122.193892
37.458775,-122.193735
37.458691,-122.193567
37.458609,-122.193395
37.458525,-122.193227
37.458442,-122.193064
37.458362,-122.192902
37.458285,-122.192739
37.458210,-122.192581
37.458136,-122.192427
37.458062,-122.192276
37.457989,-122.192127
37.457874,-122.191893
37.457831,-122.191804
37.457774,-122.191686
37.457712,-122.191560
37.457653,-122.191439
37.457600,-122.191331
37.457557,-122.191245
37.457528,-122.191182
37.457511,-122.191142
37.457505,-122.191126
37.457517,-122.191129
37.457518,-122.191129
37.457516,-122.191127
37.457514,-122.191125
37.457513,-122.191124
37.457512,-122.191123
37.457511,-122.191122
37.457510,-122.191121
37.457511,-122.191119
37.457512,-122.191118
37.457512,-122.191118
37.457512,-122.191117
37.457512,-122.191117
37.457512,-122.191116
37.457512,-122.191114
37.457511,-122.191113
37.457512,-122.191112
37.457512,-122.191111
37.457512,-122.191110
37.457513,-122.191109
37.457514,-122.191108
37.457514,-122.191108
37.457514,-122.191107
37.457515,-122.191106
37.457516,-122.191105
37.457516,-122.191104
37.457517,-122.191103
37.457518,-122.191102
37.457519,-122.191101
37.457520,-122.191100
37.457521,-122.191099
37.457522,-122.191099
37.457523,-122.191098
37.457522,-122.191095
37.457516,-122.191080
37.457499,-122.191047
37.457470,-122.190995
37.457435,-122.190927
37.457393,-122.190845
37.457345,-122.190750
37.457254,-122.190575
37.457175,-122.190430
37.457096,-122.190294
37.457025,-122.190158
37.457058,-122.190147
37.456968,-122.189977
37.456865,-122.189807
37.456771,-122.189643
37.456686,-122.189486
37.456603,-122.189334
37.456528,-122.189184
37.456452,-122.189039
37.456372,-122.188894
37.456297,-122.188742
37.456224,-122.188594
37.456156,-122.188452
37.456082,-122.188315
37.456017,-122.188178
37.455952,-122.188052
37.455929,-122.188006
37.455894,-122.187924
37.455857,-122.187844
37.455821,-122.187786
37.455787,-122.187769
37.455753,-122.187776
37.455713,-122.187813
37.455659,-122.187859
37.455593,-122.187914
37.455522,-122.187982
37.455440,-122.188048
37.455354,-122.188119
37.455267,-122.188191
37.455182,-122.188260
37.455100,-122.188328
37.455017,-122.188392
37.454935,-122.188454
37.454904,-122.188478
37.454841,-122.188521
37.454771,-122.188573
37.454705,-122.188624
37.454645,-122.188669
37.454593,-122.188711
37.454544,-122.188751
37.454505,-122.188783
37.454473,-122.188808
37.454448,-122.188826
37.454426,-122.188839
37.454400,-122.188857
37.454375,-122.188876
37.454350,-122.188894
37.454325,-122.188913
37.454296,-122.188936
37.454284,-122.188946
37.454253,-122.188969
37.454219,-122.189000
37.454183,-122.189035
37.454144,-122.189078
37.454099,-122.189119
37.454049,-122.189163
37.453998,-122.189206
37.453946,-122.189249
37.453905,-122.189293
37.453858,-122.189337
37.453811,-122.189380
37.453763,-122.189421
37.453705,-122.189467
37.453682,-122.189485
37.453634,-122.189520
37.453577,-122.189565
37.453513,-122.189611
37.453449,-122.189662
37.453384,-122.189719
37.453316,-122.189775
37.453245,-122.189833
37.453170,-122.189895
37.453092,-122.189951
37.453019,-122.190013
37.452945,-122.190069
37.452875,-122.190126
37.452804,-122.190179
37.452777,-122.190199
37.452731,-122.190245
37.452673,-122.190292
37.452610,-122.190334
37.452553,-122.190375
37.452512,-122.190408
37.452488,-122.190425
37.452496,-122.190424
37.452495,-122.190425
37.452490,-122.190426
37.452487,-122.190425
37.452484,-122.190424
37.452482,-122.190424
37.452481,-122.190423
37.452479,-122.190419
37.452477,-122.190417
37.452475,-122.190415
37.452474,-122.190415
37.452473,-122.190415
37.452472,-122.190415
37.452470,-122.190415
37.452470,-122.190415
37.452469,-122.190415
37.452468,-122.190415
37.452467,-122.190414
37.452466,-122.190414
37.452466,-122.190413
37.452466,-122.190412
37.452465,-122.190411
37.452464,-122.190410
37.452463,-122.190409
37.452462,-122.190408
37.452462,-122.190408
37.452461,-122.190408
37.452463,-122.190409
37.452464,-122.190410
37.452464,-122.190412
37.452465,-122.190414
37.452466,-122.190416
37.452467,-122.190419
37.452467,-122.190421
37.452468,-122.190422
37.452468,-122.190422
37.452468,-122.190423
37.452469,-122.190424
37.452469,-122.190425
37.452469,-122.190426
37.452470,-122.190427
37.452470,-122.190428
37.452471,-122.190430
37.452472,-122.190431
37.452473,-122.190433
37.452474,-122.190435
37.452475,-122.190438
37.452475,-122.190440
37.452474,-122.190442
37.452466,-122.190450
37.452441,-122.190463
37.452409,-122.190483
37.452374,-122.190510
37.452339,-122.190538
37.452303,-122.190562
37.452268,-122.190576
37.452236,-122.190574
37.452214,-122.190559
37.452193,-122.190535
37.452185,-122.190525
37.452167,-122.190500
37.452143,-122.190467
37.452114,-122.190421
37.452081,-122.190359
37.452051,-122.190296
37.452018,-122.190227
37.451982,-122.190151
37.451951,-122.190095
37.451930,-122.190055
37.451916,-122.190028
37.451908,-122.190011
37.451902,-122.189995
37.451898,-122.189980
37.451897,-122.189975
37.451885,-122.189950
37.451858,-122.189901
37.451822,-122.189834
37.451780,-122.189758
37.451733,-122.189671
37.451681,-122.189580
37.451628,-122.189483
37.451574,-122.189382
37.451520,-122.189281
37.451464,-122.189178
37.451409,-122.189075
37.451354,-122.188973
37.451297,-122.188869
37.451240,-122.188760
37.451184,-122.188656
37.451163,-122.188616
37.451122,-122.188536
37.451076,-122.188441
37.451024,-122.188345
37.450972,-122.188244
37.450916,-122.188147
37.450866,-122.188054
37.450819,-122.187965
37.450780,-122.187889
37.450749,-122.187836
37.450732,-122.187803
37.450724,-122.187782
37.450733,-122.187778
37.450732,-122.187774
37.450730,-122.187772
37.450728,-122.187771
37.450727,-122.187770
37.450727,-122.187770
37.450726,-122.187769
37.450726,-122.187768
37.450727,-122.187768
37.450727,-122.187767
37.450726,-122.187765
37.450722,-122.187758
37.450715,-122.187744
37.450707,-122.187732
37.450701,-122.187721
37.450693,-122.187709
37.450681,-122.187689
37.450668,-122.187665
37.450658,-122.187645
37.450652,-122.187631
37.450643,-122.187613
37.450625,-122.187581
37.450598,-122.187531
37.450586,-122.187509
37.450560,-122.187459
37.450523,-122.187396
37.450480,-122.187324
37.450433,-122.187247
37.450387,-122.187165
37.450342,-122.187082
37.450296,-122.186996
37.450250,-122.186909
37.450206,-122.186826
37.450164,-122.186748
37.450123,-122.186673
37.450079,-122.186604
37.450063,-122.186578
37.450029,-122.186529
37.449996,-122.186473
37.449970,-122.186428
37.449954,-122.186392
37.449943,-122.186368
37.449937,-122.186354
37.449933,-122.186346
37.449925,-122.186334
37.449918,-122.186322
37.449921,-122.186319
37.449920,-122.186316
37.449919,-122.186315
37.449919,-122.186313
37.449919,-122.186310
37.449919,-122.186307
37.449918,-122.186304
37.449917,-122.186299
37.449911,-122.186287
37.449904,-122.186273
37.449896,-122.186261
37.449882,-122.186241
37.449854,-122.186220
37.449813,-122.186212
37.449763,-122.186226
37.449742,-122.186232
37.449697,-122.186258
37.449642,-122.186291
37.449588,-122.186326
37.449550,-122.186353
37.449531,-122.186366
37.449541,-122.186363
37.449539,-122.186360
37.449534,-122.186357
37.449531,-122.186355
37.449528,-122.186353
37.449526,-122.186352
37.449524,-122.186352
37.449523,-122.186351
37.449522,-122.186350
37.449521,-122.186349
37.449520,-122.186348
37.449519,-122.186347
37.449518,-122.186346
37.449518,-122.186346
37.449518,-122.186346
37.449517,-122.186345
37.449516,-122.186343
37.449516,-122.186342
37.449515,-122.186340
37.449513,-122.186338
37.449511,-122.186336
37.449511,-122.186335
37.449510,-122.186333
37.449509,-122.186331
37.449509,-122.186330
37.449508,-122.186327
37.449507,-122.186324
37.449507,-122.186322
37.449506,-122.186320
37.449506,-122.186319
37.449505,-122.186317
37.449504,-122.186315
37.449502,-122.186311
37.449501,-122.186308
37.449499,-122.186304
37.449498,-122.186302
37.449498,-122.186301
37.449498,-122.186300
37.449498,-122.186298
37.449498,-122.186296
37.449497,-122.186294
37.449497,-122.186292
37.449498,-122.186291
37.449498,-122.186291
37.449498,-122.186291
37.449499,-122.186292
37.449501,-122.186293
37.449503,-122.186295
37.449504,-122.186297
37.449506,-122.186299
37.449506,-122.186299
37.449507,-122.186300
37.449507,-122.186300
37.449508,-122.186300
37.449506,-122.186303
37.449494,-122.186314
37.449468,-122.186328
37.449431,-122.186332
37.449390,-122.186309
37.449348,-122.186269
37.449308,-122.186214
37.449267,-122.186156
37.449223,-122.186085
37.449176,-122.186006
37.449127,-122.185923
37.449108,-122.185890
37.449076,-122.185829
37.449044,-122.185767
37.449013,-122.185709
37.448983,-122.185652
37.448955,-122.185597
37.448934,-122.185552
37.448921,-122.185522
37.448916,-122.185509
37.448924,-122.185511
37.448926,-122.185511
37.448925,-122.185511
