% lattitude,longitude
0.000000,0.000000
0.000000,0.000000
-0.000000,-0.000000
0.000000,0.000000
0.000000,0.000000
0.000000,0.000000
0.000000,0.000000
-0.000000,-0.000000
0.000000,0.000000
0.000000,0.000000
0.000000,0.000000
0.000000,0.000000
0.000000,0.000000
0.000000,0.000000
-0.000000,-0.000000
0.000000,0.000000
0.000000,0.000000
0.000000,0.000000
0.000000,0.000000
0.000000,0.000000
0.000000,0.000000
0.000000,0.000000
-0.000000,-0.000000
-0.000000,-0.000000
-0.000000,-0.000000
-0.000000,-0.000000
-0.000000,-0.000000
-0.000000,-0.000000
-0.000000,-0.000000
-0.000000,-0.000000
-0.000000,-0.000000
-0.000000,-0.000000
-0.000000,-0.000000
-0.000000,-0.000000
-0.000000,-0.000000
-0.000000,-0.000000
-0.000000,-0.000000
-0.000000,-0.000000
-0.000000,-0.000000
-0.000000,-0.000000
-0.000000,-0.000000
-0.000000,-0.000000
-0.000000,-0.000000
-0.000000,-0.000000
-0.000000,-0.000000
-0.000000,-0.000000
-0.000000,-0.000000
-0.000000,-0.000000
-0.000000,-0.000000
-0.000000,-0.000000
-0.000000,-0.000000
-0.000000,-0.000000
-0.000000,-0.000000
-0.000000,-0.000000
-0.000000,-0.000000
-0.000000,-0.000000
-0.000000,-0.000000
-0.000000,-0.000000
-0.000000,-0.000000
-0.000000,-0.000000
-0.000000,-0.000000
-0.000000,-0.000000
-0.000000,-0.000000
-0.000000,-0.000000
-0.000000,-0.000000
-0.000000,-0.000000
-0.000000,-0.000000
-0.000000,-0.000000
-0.000000,-0.000000
-0.000000,-0.000000
-0.000000,-0.000000
-0.000000,-0.000000
-0.000000,-0.000000
-0.000000,-0.000000
-0.000000,-0.000000
-0.000000,-0.000000
-0.000000,-0.000000
-0.000000,-0.000000
3725.505030,-12205.966950
0.000000,0.000000
3725.505240,-12205.966740
3725.505360,-12205.966540
0.000000,0.000000
3725.505460,-12205.966350
3725.505530,-12205.966150
0.000000,0.000000
3725.505670,-12205.965960
3725.505780,-12205.965810
3725.505780,-12205.965810
3725.505850,-12205.965670
3725.505910,-12205.965550
3725.505910,-12205.965550
3725.505950,-12205.965470
0.000000,0.000000
3725.506010,-12205.965350
3725.506110,-12205.965200
3725.506110,-12205.965200
3725.506170,-12205.965120
3725.506170,-12205.965120
3725.506250,-12205.965040
0.000000,0.000000
3725.506340,-12205.964960
3725.506440,-12205.964830
3725.506440,-12205.964830
3725.506490,-12205.964710
0.000000,0.000000
3725.506490,-12205.964640
3725.506500,-12205.964580
3725.506500,-12205.964580
3725.506490,-12205.964570
0.000000,0.000000
3725.506460,-12205.964550
3725.506390,-12205.964550
3725.506390,-12205.964550
3725.506400,-12205.964510
3725.506440,-12205.964480
3725.506440,-12205.964480
3725.506470,-12205.964450
3725.506470,-12205.964450
3725.506520,-12205.964420
3725.506580,-12205.964410
3725.506580,-12205.964410
3725.506640,-12205.964400
0.000000,0.000000
3725.506700,-12205.964390
3725.506740,-12205.964380
3725.506740,-12205.964380
3725.506790,-12205.964360
0.000000,0.000000
3725.506820,-12205.964340
3725.506850,-12205.964310
3725.506850,-12205.964310
3725.506870,-12205.964290
0.000000,0.000000
3725.506870,-12205.964250
3725.506870,-12205.964220
3725.506870,-12205.964220
3725.506890,-12205.964190
3725.506880,-12205.964140
3725.506880,-12205.964140
3725.506880,-12205.964060
3725.506880,-12205.964060
3725.506820,-12205.963990
0.000000,0.000000
3725.506740,-12205.963880
3725.506710,-12205.963830
3725.506710,-12205.963830
3725.506640,-12205.963590
3725.506640,-12205.963590
3725.506770,-12205.963630
0.000000,0.000000
3725.506870,-12205.963650
0.000000,0.000000
3725.506620,-12205.963490
3725.506470,-12205.963520
3725.506470,-12205.963520
3725.506010,-12205.963210
3725.506010,-12205.963210
3725.505260,-12205.961990
3725.505260,-12205.961990
-0.000000,-0.000000
-0.000000,-0.000000
0.000000,0.000000
-0.000000,-0.000000
-0.000000,-0.000000
-0.000000,-0.000000
-0.000000,-0.000000
3725.502250,-12205.956360
3725.502250,-12205.956360
3725.502950,-12205.957720
3725.502950,-12205.957720
3725.502730,-12205.959970
3725.502730,-12205.959970
3725.502770,-12205.960790
3725.502770,-12205.960790
3725.502770,-12205.961730
0.000000,0.000000
3725.503140,-12205.960580
0.000000,0.000000
3725.503700,-12205.960590
3725.504170,-12205.959650
3725.504170,-12205.959650
3725.504680,-12205.958290
0.000000,0.000000
3725.504770,-12205.959180
3725.504640,-12205.959800
3725.504640,-12205.959800
3725.505160,-12205.960110
3725.505160,-12205.960110
3725.505180,-12205.961080
0.000000,0.000000
3725.505250,-12205.961150
3725.505340,-12205.961390
3725.505340,-12205.961390
3725.505330,-12205.961460
3725.505330,-12205.961460
3725.505250,-12205.961440
0.000000,0.000000
3725.505170,-12205.961530
3725.505160,-12205.961560
3725.505160,-12205.961560
3725.505130,-12205.961590
3725.505130,-12205.961590
3725.505120,-12205.961640
0.000000,0.000000
3725.505030,-12205.961730
0.000000,0.000000
3725.505060,-12205.961660
3725.505050,-12205.961440
3725.505050,-12205.961440
3725.505050,-12205.961740
3725.505050,-12205.961740
3725.505010,-12205.961480
0.000000,0.000000
3725.504990,-12205.961160
0.000000,0.000000
3725.504990,-12205.961220
3725.504960,-12205.960950
3725.504960,-12205.960950
3725.504940,-12205.960330
3725.504940,-12205.960330
3725.504940,-12205.960010
0.000000,0.000000
3725.504990,-12205.959570
3725.504980,-12205.959500
3725.504980,-12205.959500
3725.504920,-12205.959300
3725.504920,-12205.959300
3725.504830,-12205.959040
3725.504830,-12205.959040
3725.504810,-12205.959260
0.000000,0.000000
3725.504830,-12205.958990
3725.504850,-12205.958770
3725.504850,-12205.958770
3725.504850,-12205.958840
3725.504850,-12205.958840
3725.504830,-12205.959300
0.000000,0.000000
3725.504790,-12205.959880
0.000000,0.000000
3725.504810,-12205.960220
3725.504220,-12205.960590
3725.504220,-12205.960590
3725.504320,-12205.960580
3725.504320,-12205.960580
3725.504450,-12205.960450
0.000000,0.000000
3725.504580,-12205.960550
0.000000,0.000000
3725.504680,-12205.960630
0.000000,0.000000
3725.504790,-12205.960500
3725.504860,-12205.960480
3725.504860,-12205.960480
3725.504950,-12205.960280
3725.504950,-12205.960280
3725.504990,-12205.960170
3725.504990,-12205.960170
3725.504990,-12205.960090
0.000000,0.000000
3725.504960,-12205.959970
0.000000,0.000000
3725.505010,-12205.959860
3725.504970,-12205.959650
3725.504970,-12205.959650
3725.504960,-12205.959690
3725.504960,-12205.959690
3725.504960,-12205.959740
3725.504960,-12205.959740
3725.504990,-12205.959650
0.000000,0.000000
3725.505040,-12205.959620
0.000000,0.000000
3725.505120,-12205.959630
0.000000,0.000000
3725.505150,-12205.959720
3725.505150,-12205.959830
3725.505150,-12205.959830
3725.505150,-12205.960070
3725.505150,-12205.960070
3725.505150,-12205.960110
0.000000,0.000000
3725.505150,-12205.960170
0.000000,0.000000
3725.505110,-12205.960210
0.000000,0.000000
3725.505160,-12205.960480
3725.505180,-12205.960540
3725.505180,-12205.960540
3725.505310,-12205.960740
3725.505310,-12205.960740
3725.505680,-12205.961340
0.000000,0.000000
3725.506200,-12205.961930
0.000000,0.000000
3725.506230,-12205.962040
0.000000,0.000000
3725.506320,-12205.962200
3725.506620,-12205.962360
3725.506620,-12205.962360
3725.506660,-12205.962520
3725.506660,-12205.962520
3725.506640,-12205.962610
3725.506640,-12205.962610
3725.506430,-12205.962420
0.000000,0.000000
3725.506170,-12205.961580
0.000000,0.000000
3725.505780,-12205.960310
0.000000,0.000000
3725.504900,-12205.958770
3725.503590,-12205.956550
3725.503590,-12205.956550
3725.501470,-12205.955040
3725.501470,-12205.955040
3725.499240,-12205.953040
3725.499240,-12205.953040
3725.496390,-12205.950750
3725.496390,-12205.950750
3725.493240,-12205.948000
3725.493240,-12205.948000
3725.490010,-12205.944750
0.000000,0.000000
3725.486600,-12205.941540
0.000000,0.000000
3725.482860,-12205.938160
0.000000,0.000000
3725.479340,-12205.934970
0.000000,0.000000
3725.475890,-12205.931860
0.000000,0.000000
3725.472350,-12205.929060
0.000000,0.000000
3725.469030,-12205.925800
0.000000,0.000000
3725.465750,-12205.922730
0.000000,0.000000
3725.462170,-12205.920090
3725.458670,-12205.918520
3725.458670,-12205.918520
3725.455160,-12205.918170
3725.455160,-12205.918170
3725.451330,-12205.917970
3725.451330,-12205.917970
3725.446870,-12205.918080
3725.446870,-12205.918080
3725.442520,-12205.918300
3725.442520,-12205.918300
3725.438050,-12205.918800
3725.438050,-12205.918800
3725.433520,-12205.919310
3725.433520,-12205.919310
3725.429140,-12205.919900
0.000000,0.000000
3725.424910,-12205.920420
0.000000,0.000000
3725.420910,-12205.920920
0.000000,0.000000
3725.417290,-12205.921390
0.000000,0.000000
3725.414030,-12205.921780
0.000000,0.000000
3725.410920,-12205.922130
0.000000,0.000000
3725.408160,-12205.922590
0.000000,0.000000
3725.405170,-12205.923040
0.000000,0.000000
3725.402010,-12205.923520
0.000000,0.000000
3725.398590,-12205.924530
3725.395040,-12205.925160
3725.395040,-12205.925160
3725.391100,-12205.925690
3725.391100,-12205.925690
3725.387070,-12205.926330
3725.387070,-12205.926330
3725.383340,-12205.927080
3725.383340,-12205.927080
3725.379570,-12205.927240
3725.379570,-12205.927240
3725.375580,-12205.927490
3725.375580,-12205.927490
3725.371280,-12205.927890
3725.371280,-12205.927890
3725.366810,-12205.928510
3725.366810,-12205.928510
3725.361870,-12205.928510
3725.361870,-12205.928510
3725.357080,-12205.928930
3725.357080,-12205.928930
3725.352300,-12205.929180
3725.352300,-12205.929180
3725.347580,-12205.929550
3725.347580,-12205.929550
3725.342910,-12205.929890
3725.342910,-12205.929890
3725.338190,-12205.930530
3725.338190,-12205.930530
3725.333880,-12205.930840
3725.333880,-12205.930840
3725.329330,-12205.931540
3725.329330,-12205.931540
3725.325150,-12205.932180
3725.325150,-12205.932180
3725.321610,-12205.932740
3725.321610,-12205.932740
3725.319190,-12205.933640
3725.319190,-12205.933640
3725.317380,-12205.934230
3725.317380,-12205.934230
3725.315620,-12205.934480
3725.315620,-12205.934480
3725.314100,-12205.934770
3725.314100,-12205.934770
3725.313130,-12205.934940
3725.313130,-12205.934940
3725.312280,-12205.935190
0.000000,0.000000
3725.311220,-12205.935550
3725.311220,-12205.935550
3725.309560,-12205.936520
3725.309560,-12205.936520
3725.307690,-12205.938310
3725.307690,-12205.938310
3725.306730,-12205.941900
3725.306730,-12205.941900
3725.306450,-12205.946650
3725.306450,-12205.946650
0.000000,0.000000
3725.306520,-12205.952830
0.000000,0.000000
3725.306640,-12205.959070
0.000000,0.000000
3725.306670,-12205.965300
0.000000,0.000000
3725.306770,-12205.972310
0.000000,0.000000
3725.306910,-12205.980010
0.000000,0.000000
3725.307330,-12205.987500
3725.307330,-12205.987500
3725.307600,-12205.994670
3725.307600,-12205.994670
3725.307840,-12206.001230
3725.307840,-12206.001230
3725.308290,-12206.007710
3725.308290,-12206.007710
3725.308900,-12206.014010
3725.308900,-12206.014010
0.000000,0.000000
3725.309550,-12206.021050
0.000000,0.000000
3725.310220,-12206.028140
0.000000,0.000000
3725.310960,-12206.035040
0.000000,0.000000
3725.311430,-12206.041840
0.000000,0.000000
3725.311870,-12206.048580
0.000000,0.000000
3725.312340,-12206.055380
3725.312340,-12206.055380
3725.312790,-12206.062390
3725.312790,-12206.062390
3725.313350,-12206.069720
3725.313350,-12206.069720
3725.313840,-12206.076540
3725.313840,-12206.076540
0.000000,0.000000
3725.314170,-12206.081590
0.000000,0.000000
3725.314360,-12206.084390
0.000000,0.000000
3725.314450,-12206.085490
0.000000,0.000000
3725.314520,-12206.085640
0.000000,0.000000
3725.314550,-12206.085570
0.000000,0.000000
3725.314630,-12206.085420
3725.314630,-12206.085420
3725.314730,-12206.085240
3725.314730,-12206.085240
3725.314680,-12206.085260
3725.314680,-12206.085260
3725.314670,-12206.085250
3725.314670,-12206.085250
3725.314710,-12206.085100
3725.314710,-12206.085100
0.000000,0.000000
3725.314810,-12206.084860
0.000000,0.000000
3725.314830,-12206.084730
0.000000,0.000000
3725.314860,-12206.084730
0.000000,0.000000
3725.314880,-12206.084750
0.000000,0.000000
3725.314790,-12206.084660
0.000000,0.000000
3725.314720,-12206.084550
0.000000,0.000000
3725.314710,-12206.084500
3725.314710,-12206.084500
3725.314690,-12206.084450
3725.314690,-12206.084450
3725.314670,-12206.084400
3725.314670,-12206.084400
3725.314600,-12206.084430
3725.314600,-12206.084430
3725.314570,-12206.084340
3725.314570,-12206.084340
0.000000,0.000000
3725.314560,-12206.084360
0.000000,0.000000
3725.314520,-12206.084380
0.000000,0.000000
3725.314460,-12206.084320
0.000000,0.000000
3725.314400,-12206.084270
0.000000,0.000000
3725.314390,-12206.084270
0.000000,0.000000
3725.314390,-12206.084350
0.000000,0.000000
3725.314380,-12206.084390
0.000000,0.000000
3725.314380,-12206.084480
0.000000,0.000000
3725.314390,-12206.084510
3725.314390,-12206.084510
3725.314420,-12206.084490
3725.314420,-12206.084490
3725.314450,-12206.084500
3725.314450,-12206.084500
3725.314490,-12206.084530
3725.314490,-12206.084530
3725.314510,-12206.084540
3725.314510,-12206.084540
3725.314560,-12206.084500
3725.314560,-12206.084500
0.000000,0.000000
3725.314610,-12206.084490
0.000000,0.000000
3725.314580,-12206.084500
0.000000,0.000000
3725.314550,-12206.084440
0.000000,0.000000
3725.314560,-12206.084470
0.000000,0.000000
3725.314590,-12206.084400
0.000000,0.000000
3725.314610,-12206.084390
3725.314610,-12206.084390
3725.314610,-12206.084430
3725.314610,-12206.084430
3725.314610,-12206.084450
3725.314610,-12206.084450
3725.314600,-12206.084480
3725.314600,-12206.084480
3725.314600,-12206.084520
3725.314600,-12206.084520
0.000000,0.000000
3725.314590,-12206.084540
0.000000,0.000000
3725.314530,-12206.084550
0.000000,0.000000
3725.314480,-12206.084560
0.000000,0.000000
3725.314480,-12206.084580
0.000000,0.000000
3725.314470,-12206.084580
0.000000,0.000000
3725.314470,-12206.084600
0.000000,0.000000
3725.314470,-12206.084590
3725.314470,-12206.084590
3725.314400,-12206.084540
3725.314400,-12206.084540
3725.314390,-12206.084470
3725.314390,-12206.084470
3725.314460,-12206.084470
3725.314460,-12206.084470
3725.314440,-12206.084440
3725.314440,-12206.084440
0.000000,0.000000
3725.314540,-12206.084420
0.000000,0.000000
3725.314560,-12206.084450
0.000000,0.000000
3725.314470,-12206.084560
0.000000,0.000000
3725.314390,-12206.084670
0.000000,0.000000
3725.314320,-12206.084780
0.000000,0.000000
3725.314380,-12206.084810
3725.314380,-12206.084810
3725.314380,-12206.084840
3725.314380,-12206.084840
3725.314380,-12206.084780
3725.314380,-12206.084780
3725.314390,-12206.084800
3725.314390,-12206.084800
0.000000,0.000000
3725.314400,-12206.084800
0.000000,0.000000
3725.314410,-12206.084860
0.000000,0.000000
3725.314410,-12206.084890
0.000000,0.000000
3725.314410,-12206.084930
0.000000,0.000000
3725.314420,-12206.084950
0.000000,0.000000
3725.314430,-12206.085000
3725.314430,-12206.085000
3725.314440,-12206.085080
3725.314440,-12206.085080
3725.314470,-12206.085130
3725.314470,-12206.085130
3725.314510,-12206.085130
3725.314510,-12206.085130
0.000000,0.000000
3725.314530,-12206.085170
0.000000,0.000000
3725.314540,-12206.085230
0.000000,0.000000
3725.314560,-12206.085280
0.000000,0.000000
3725.314580,-12206.085400
0.000000,0.000000
3725.314590,-12206.085440
0.000000,0.000000
3725.314600,-12206.085460
0.000000,0.000000
3725.314640,-12206.085520
3725.314640,-12206.085520
3725.314660,-12206.085510
3725.314660,-12206.085510
3725.314680,-12206.085520
3725.314680,-12206.085520
3725.314690,-12206.085590
3725.314690,-12206.085590
0.000000,0.000000
3725.314690,-12206.085610
0.000000,0.000000
3725.314720,-12206.085630
0.000000,0.000000
3725.314750,-12206.085630
0.000000,0.000000
3725.314760,-12206.085660
0.000000,0.000000
3725.314750,-12206.085700
0.000000,0.000000
3725.314780,-12206.085690
0.000000,0.000000
3725.314820,-12206.085690
3725.314820,-12206.085690
3725.314850,-12206.085680
3725.314850,-12206.085680
3725.314840,-12206.085920
3725.314840,-12206.085920
0.000000,0.000000
3725.314920,-12206.087730
0.000000,0.000000
3725.315150,-12206.091140
0.000000,0.000000
3725.315380,-12206.095710
0.000000,0.000000
3725.315680,-12206.101470
3725.315680,-12206.101470
3725.316040,-12206.108450
3725.316040,-12206.108450
3725.316300,-12206.116250
3725.316300,-12206.116250
0.000000,0.000000
3725.316940,-12206.124750
0.000000,0.000000
3725.317620,-12206.133950
0.000000,0.000000
3725.318180,-12206.143510
0.000000,0.000000
3725.318850,-12206.153200
0.000000,0.000000
3725.319460,-12206.163030
3725.319460,-12206.163030
3725.320000,-12206.172840
3725.320000,-12206.172840
3725.320590,-12206.182660
3725.320590,-12206.182660
0.000000,0.000000
3725.321330,-12206.192290
0.000000,0.000000
3725.322120,-12206.201940
0.000000,0.000000
3725.322710,-12206.211610
0.000000,0.000000
3725.323170,-12206.221390
3725.323170,-12206.221390
3725.323940,-12206.230540
3725.323940,-12206.230540
3725.324430,-12206.239730
3725.324430,-12206.239730
0.000000,0.000000
3725.324710,-12206.249040
0.000000,0.000000
3725.324700,-12206.258370
0.000000,0.000000
3725.325140,-12206.267590
0.000000,0.000000
3725.325790,-12206.276600
0.000000,0.000000
3725.326180,-12206.285440
3725.326180,-12206.285440
3725.325910,-12206.293990
3725.325910,-12206.293990
3725.324610,-12206.302450
3725.324610,-12206.302450
0.000000,0.000000
3725.322340,-12206.310850
0.000000,0.000000
3725.319580,-12206.319130
0.000000,0.000000
3725.316750,-12206.327210
0.000000,0.000000
3725.313940,-12206.334930
3725.313940,-12206.334930
3725.310920,-12206.342770
3725.310920,-12206.342770
3725.307670,-12206.350780
3725.307670,-12206.350780
0.000000,0.000000
3725.304450,-12206.358750
0.000000,0.000000
3725.300930,-12206.366400
0.000000,0.000000
3725.297300,-12206.374240
0.000000,0.000000
3725.293710,-12206.381980
3725.293710,-12206.381980
3725.290310,-12206.389650
3725.290310,-12206.389650
3725.286880,-12206.397410
3725.286880,-12206.397410
0.000000,0.000000
3725.283510,-12206.405830
0.000000,0.000000
3725.280250,-12206.414030
0.000000,0.000000
3725.276890,-12206.421990
0.000000,0.000000
3725.273520,-12206.429980
3725.273520,-12206.429980
3725.270290,-12206.438000
3725.270290,-12206.438000
0.000000,0.000000
3725.266820,-12206.446010
0.000000,0.000000
3725.263400,-12206.453850
0.000000,0.000000
3725.260140,-12206.461600
0.000000,0.000000
3725.256910,-12206.469520
0.000000,0.000000
3725.253570,-12206.477390
3725.253570,-12206.477390
3725.250380,-12206.485070
3725.250380,-12206.485070
0.000000,0.000000
3725.247550,-12206.492320
0.000000,0.000000
3725.244740,-12206.499480
0.000000,0.000000
3725.241730,-12206.506670
0.000000,0.000000
3725.238710,-12206.514200
0.000000,0.000000
3725.235630,-12206.521670
3725.235630,-12206.521670
3725.232810,-12206.529120
3725.232810,-12206.529120
0.000000,0.000000
3725.230050,-12206.536900
0.000000,0.000000
3725.227320,-12206.544730
0.000000,0.000000
3725.224480,-12206.552420
0.000000,0.000000
3725.221610,-12206.559650
3725.221610,-12206.559650
3725.218700,-12206.566970
3725.218700,-12206.566970
3725.215760,-12206.573920
3725.215760,-12206.573920
0.000000,0.000000
3725.213300,-12206.580430
0.000000,0.000000
3725.211070,-12206.586270
0.000000,0.000000
3725.209150,-12206.590760
0.000000,0.000000
3725.207650,-12206.593980
3725.207650,-12206.593980
3725.206910,-12206.595880
3725.206910,-12206.595880
3725.206590,-12206.596780
3725.206590,-12206.596780
0.000000,0.000000
3725.206580,-12206.596800
0.000000,0.000000
3725.206500,-12206.596500
0.000000,0.000000
3725.206760,-12206.596500
0.000000,0.000000
3725.206120,-12206.596260
0.000000,0.000000
3725.205740,-12206.596600
0.000000,0.000000
3725.205370,-12206.597130
3725.205370,-12206.597130
3725.205390,-12206.597580
3725.205390,-12206.597580
3725.205460,-12206.598020
3725.205460,-12206.598020
3725.205480,-12206.598320
3725.205480,-12206.598320
0.000000,0.000000
3725.205220,-12206.599580
0.000000,0.000000
3725.205340,-12206.601890
0.000000,0.000000
3725.206420,-12206.604630
0.000000,0.000000
3725.209240,-12206.607670
3725.209240,-12206.607670
3725.213180,-12206.610890
3725.213180,-12206.610890
3725.217880,-12206.614350
3725.217880,-12206.614350
0.000000,0.000000
3725.222600,-12206.618230
0.000000,0.000000
3725.226810,-12206.622520
0.000000,0.000000
3725.231320,-12206.626670
0.000000,0.000000
3725.235570,-12206.631280
3725.235570,-12206.631280
3725.240180,-12206.635560
3725.240180,-12206.635560
3725.244830,-12206.640080
3725.244830,-12206.640080
0.000000,0.000000
3725.249490,-12206.643890
0.000000,0.000000
3725.254220,-12206.647570
0.000000,0.000000
3725.259210,-12206.651750
0.000000,0.000000
3725.264350,-12206.656240
3725.264350,-12206.656240
3725.269490,-12206.660880
3725.269490,-12206.660880
3725.274690,-12206.665240
3725.274690,-12206.665240
0.000000,0.000000
3725.279850,-12206.669520
0.000000,0.000000
3725.285450,-12206.674070
0.000000,0.000000
3725.290580,-12206.678710
0.000000,0.000000
3725.295830,-12206.683290
3725.295830,-12206.683290
3725.301040,-12206.687850
3725.301040,-12206.687850
3725.306530,-12206.692320
3725.306530,-12206.692320
0.000000,0.000000
3725.312040,-12206.696920
0.000000,0.000000
3725.317790,-12206.701800
0.000000,0.000000
3725.323670,-12206.706750
0.000000,0.000000
3725.329830,-12206.711960
3725.329830,-12206.711960
3725.335970,-12206.717150
3725.335970,-12206.717150
3725.342080,-12206.721990
3725.342080,-12206.721990
0.000000,0.000000
3725.348070,-12206.727010
0.000000,0.000000
3725.353970,-12206.732080
0.000000,0.000000
3725.359370,-12206.737460
0.000000,0.000000
3725.364590,-12206.743500
3725.364590,-12206.743500
3725.369750,-12206.749890
3725.369750,-12206.749890
3725.374680,-12206.756510
3725.374680,-12206.756510
0.000000,0.000000
3725.378630,-12206.763810
0.000000,0.000000
3725.383210,-12206.771080
0.000000,0.000000
3725.388040,-12206.778160
0.000000,0.000000
3725.393120,-12206.785650
3725.393120,-12206.785650
3725.397910,-12206.793170
3725.397910,-12206.793170
3725.403250,-12206.800730
3725.403250,-12206.800730
0.000000,0.000000
3725.408380,-12206.808290
0.000000,0.000000
3725.412880,-12206.815830
0.000000,0.000000
3725.417310,-12206.823030
0.000000,0.000000
3725.421790,-12206.829450
3725.421790,-12206.829450
3725.427040,-12206.835900
3725.427040,-12206.835900
3725.432060,-12206.842320
3725.432060,-12206.842320
0.000000,0.000000
3725.436770,-12206.849170
0.000000,0.000000
3725.441500,-12206.855660
0.000000,0.000000
3725.445240,-12206.862490
0.000000,0.000000
3725.449220,-12206.868790
3725.449220,-12206.868790
3725.453800,-12206.875750
3725.453800,-12206.875750
3725.458200,-12206.882950
3725.458200,-12206.882950
0.000000,0.000000
3725.462150,-12206.889460
0.000000,0.000000
3725.466770,-12206.896150
0.000000,0.000000
3725.471450,-12206.902970
0.000000,0.000000
3725.476140,-12206.910930
3725.476140,-12206.910930
3725.480540,-12206.918770
3725.480540,-12206.918770
3725.485290,-12206.926570
3725.485290,-12206.926570
0.000000,0.000000
3725.489820,-12206.933970
0.000000,0.000000
3725.494890,-12206.942010
0.000000,0.000000
3725.499530,-12206.950310
0.000000,0.000000
3725.504980,-12206.959830
3725.504980,-12206.959830
3725.510800,-12206.969670
3725.510800,-12206.969670
3725.516970,-12206.979850
3725.516970,-12206.979850
0.000000,0.000000
3725.523100,-12206.989980
0.000000,0.000000
3725.529290,-12207.000100
0.000000,0.000000
3725.535050,-12207.008870
0.000000,0.000000
3725.541480,-12207.018320
3725.541480,-12207.018320
3725.547710,-12207.027780
3725.547710,-12207.027780
3725.553790,-12207.037360
3725.553790,-12207.037360
0.000000,0.000000
3725.559930,-12207.047150
0.000000,0.000000
3725.566160,-12207.056810
0.000000,0.000000
3725.572140,-12207.065920
0.000000,0.000000
3725.578280,-12207.075300
3725.578280,-12207.075300
3725.584290,-12207.084800
3725.584290,-12207.084800
3725.590050,-12207.094140
3725.590050,-12207.094140
0.000000,0.000000
3725.595630,-12207.103300
0.000000,0.000000
3725.601220,-12207.112680
0.000000,0.000000
3725.606720,-12207.121960
0.000000,0.000000
3725.612110,-12207.131430
3725.612110,-12207.131430
3725.617810,-12207.140440
3725.617810,-12207.140440
3725.623570,-12207.149490
3725.623570,-12207.149490
0.000000,0.000000
3725.628890,-12207.158290
0.000000,0.000000
3725.634600,-12207.166970
0.000000,0.000000
3725.640450,-12207.176070
0.000000,0.000000
3725.646150,-12207.185190
3725.646150,-12207.185190
3725.651950,-12207.194490
3725.651950,-12207.194490
0.000000,0.000000
3725.657710,-12207.203910
0.000000,0.000000
3725.663580,-12207.213450
0.000000,0.000000
3725.669430,-12207.222810
0.000000,0.000000
3725.675460,-12207.232460
0.000000,0.000000
3725.681540,-12207.242050
3725.681540,-12207.242050
3725.687600,-12207.251610
3725.687600,-12207.251610
0.000000,0.000000
3725.693870,-12207.261330
0.000000,0.000000
3725.700150,-12207.271160
0.000000,0.000000
3725.706370,-12207.281010
0.000000,0.000000
3725.712480,-12207.290710
3725.712480,-12207.290710
3725.718530,-12207.300230
3725.718530,-12207.300230
3725.724650,-12207.309910
3725.724650,-12207.309910
0.000000,0.000000
3725.730300,-12207.318820
0.000000,0.000000
3725.735980,-12207.327910
0.000000,0.000000
3725.741540,-12207.336740
0.000000,0.000000
3725.747090,-12207.345860
3725.747090,-12207.345860
3725.752630,-12207.354620
3725.752630,-12207.354620
3725.758170,-12207.363740
3725.758170,-12207.363740
0.000000,0.000000
3725.763730,-12207.372840
0.000000,0.000000
3725.769390,-12207.382110
0.000000,0.000000
3725.774910,-12207.391170
0.000000,0.000000
3725.780490,-12207.400420
3725.780490,-12207.400420
3725.786050,-12207.409510
3725.786050,-12207.409510
3725.791360,-12207.418490
3725.791360,-12207.418490
0.000000,0.000000
3725.796730,-12207.427170
0.000000,0.000000
3725.802140,-12207.435510
0.000000,0.000000
3725.807290,-12207.444330
0.000000,0.000000
3725.812770,-12207.453300
3725.812770,-12207.453300
3725.818480,-12207.462180
3725.818480,-12207.462180
3725.824090,-12207.470700
3725.824090,-12207.470700
0.000000,0.000000
3725.829350,-12207.479100
0.000000,0.000000
3725.834880,-12207.487180
0.000000,0.000000
3725.840210,-12207.495500
0.000000,0.000000
3725.845850,-12207.503750
3725.845850,-12207.503750
3725.851620,-12207.512560
3725.851620,-12207.512560
3725.857300,-12207.521580
3725.857300,-12207.521580
0.000000,0.000000
3725.863080,-12207.530770
0.000000,0.000000
3725.868370,-12207.539750
0.000000,0.000000
3725.873820,-12207.548670
0.000000,0.000000
3725.879320,-12207.557260
3725.879320,-12207.557260
3725.884890,-12207.565820
3725.884890,-12207.565820
3725.889940,-12207.574570
3725.889940,-12207.574570
0.000000,0.000000
3725.895360,-12207.582890
0.000000,0.000000
3725.900700,-12207.591140
0.000000,0.000000
3725.906060,-12207.599390
0.000000,0.000000
3725.911460,-12207.607870
3725.911460,-12207.607870
3725.916760,-12207.616060
3725.916760,-12207.616060
3725.921830,-12207.624390
3725.921830,-12207.624390
0.000000,0.000000
3725.927230,-12207.632640
0.000000,0.000000
3725.932650,-12207.640990
0.000000,0.000000
3725.937780,-12207.649740
0.000000,0.000000
3725.942900,-12207.658460
3725.942900,-12207.658460
3725.947350,-12207.667390
3725.947350,-12207.667390
3725.952360,-12207.675780
3725.952360,-12207.675780
0.000000,0.000000
3725.957440,-12207.684200
0.000000,0.000000
3725.962660,-12207.692180
0.000000,0.000000
3725.967680,-12207.700310
0.000000,0.000000
3725.973000,-12207.707590
3725.973000,-12207.707590
3725.977870,-12207.714420
3725.977870,-12207.714420
3725.982300,-12207.720840
3725.982300,-12207.720840
0.000000,0.000000
3725.986270,-12207.726650
0.000000,0.000000
3725.990110,-12207.732110
0.000000,0.000000
3725.993650,-12207.737490
0.000000,0.000000
3725.997220,-12207.742730
3725.997220,-12207.742730
3726.000860,-12207.748240
3726.000860,-12207.748240
3726.004660,-12207.754250
3726.004660,-12207.754250
0.000000,0.000000
3726.008680,-12207.760310
0.000000,0.000000
3726.012600,-12207.766210
0.000000,0.000000
3726.016560,-12207.772410
0.000000,0.000000
3726.020840,-12207.779230
3726.020840,-12207.779230
3726.025030,-12207.785860
3726.025030,-12207.785860
0.000000,0.000000
3726.029320,-12207.793260
0.000000,0.000000
3726.033850,-12207.800820
0.000000,0.000000
3726.038450,-12207.808320
0.000000,0.000000
3726.042990,-12207.815660
0.000000,0.000000
3726.047560,-12207.822560
3726.047560,-12207.822560
3726.051950,-12207.829500
3726.051950,-12207.829500
3726.056410,-12207.836610
3726.056410,-12207.836610
0.000000,0.000000
3726.060790,-12207.843590
0.000000,0.000000
3726.065020,-12207.850700
0.000000,0.000000
3726.069450,-12207.857850
0.000000,0.000000
3726.074060,-12207.864850
3726.074060,-12207.864850
3726.078460,-12207.871680
3726.078460,-12207.871680
3726.082710,-12207.878490
3726.082710,-12207.878490
0.000000,0.000000
3726.087150,-12207.885550
0.000000,0.000000
3726.091730,-12207.892370
0.000000,0.000000
3726.096140,-12207.898980
0.000000,0.000000
3726.100390,-12207.905730
3726.100390,-12207.905730
3726.104560,-12207.912200
3726.104560,-12207.912200
3726.109040,-12207.918050
3726.109040,-12207.918050
0.000000,0.000000
3726.113380,-12207.923990
0.000000,0.000000
3726.116990,-12207.929600
0.000000,0.000000
3726.120720,-12207.935680
0.000000,0.000000
3726.124190,-12207.941360
3726.124190,-12207.941360
3726.127050,-12207.945270
3726.127050,-12207.945270
3726.129200,-12207.948670
3726.129200,-12207.948670
0.000000,0.000000
3726.130650,-12207.951020
0.000000,0.000000
3726.131550,-12207.952670
0.000000,0.000000
3726.131940,-12207.953460
0.000000,0.000000
3726.132000,-12207.953630
3726.132000,-12207.953630
3726.132030,-12207.953910
3726.132030,-12207.953910
3726.132120,-12207.954100
3726.132120,-12207.954100
3726.132200,-12207.954200
3726.132200,-12207.954200
0.000000,0.000000
3726.132300,-12207.954320
0.000000,0.000000
3726.132430,-12207.954610
0.000000,0.000000
3726.132580,-12207.954880
0.000000,0.000000
3726.132710,-12207.955100
0.000000,0.000000
3726.132830,-12207.955360
0.000000,0.000000
3726.132900,-12207.955590
3726.132900,-12207.955590
3726.132970,-12207.955820
3726.132970,-12207.955820
3726.133050,-12207.956020
3726.133050,-12207.956020
3726.133150,-12207.956310
3726.133150,-12207.956310
0.000000,0.000000
3726.133240,-12207.956540
0.000000,0.000000
3726.133290,-12207.956650
0.000000,0.000000
3726.133340,-12207.956750
0.000000,0.000000
3726.133420,-12207.956910
0.000000,0.000000
3726.133490,-12207.957100
0.000000,0.000000
3726.133530,-12207.957210
3726.133530,-12207.957210
3726.133600,-12207.957340
3726.133600,-12207.957340
3726.133670,-12207.957500
3726.133670,-12207.957500
0.000000,0.000000
3726.133680,-12207.957520
0.000000,0.000000
3726.133720,-12207.957610
0.000000,0.000000
3726.133780,-12207.957700
0.000000,0.000000
3726.133870,-12207.957830
0.000000,0.000000
3726.133910,-12207.957980
3726.133910,-12207.957980
3726.133930,-12207.958120
3726.133930,-12207.958120
3726.133970,-12207.958210
3726.133970,-12207.958210
0.000000,0.000000
3726.134000,-12207.958270
0.000000,0.000000
3726.134010,-12207.958340
0.000000,0.000000
3726.134020,-12207.958420
0.000000,0.000000
3726.134050,-12207.958530
0.000000,0.000000
3726.134090,-12207.958580
3726.134090,-12207.958580
3726.134150,-12207.958600
3726.134150,-12207.958600
3726.134170,-12207.958680
3726.134170,-12207.958680
0.000000,0.000000
3726.134180,-12207.958760
0.000000,0.000000
3726.134240,-12207.958790
0.000000,0.000000
3726.134330,-12207.958850
0.000000,0.000000
3726.134350,-12207.958920
0.000000,0.000000
3726.134330,-12207.958970
3726.134330,-12207.958970
3726.134310,-12207.959060
3726.134310,-12207.959060
3726.134290,-12207.959180
3726.134290,-12207.959180
0.000000,0.000000
3726.134380,-12207.959240
0.000000,0.000000
3726.134550,-12207.959300
0.000000,0.000000
3726.135120,-12207.959930
0.000000,0.000000
3726.136080,-12207.961350
3726.136080,-12207.961350
3726.137480,-12207.963380
3726.137480,-12207.963380
3726.139340,-12207.966230
3726.139340,-12207.966230
0.000000,0.000000
3726.141610,-12207.969530
0.000000,0.000000
3726.144350,-12207.973330
0.000000,0.000000
3726.147280,-12207.977300
3726.147280,-12207.977300
3726.150380,-12207.981970
3726.150380,-12207.981970
0.000000,0.000000
3726.153800,-12207.987320
0.000000,0.000000
3726.157590,-12207.993090
0.000000,0.000000
3726.161670,-12207.998920
0.000000,0.000000
3726.165590,-12208.004830
3726.165590,-12208.004830
3726.169530,-12208.010940
3726.169530,-12208.010940
0.000000,0.000000
3726.173390,-12208.017490
0.000000,0.000000
3726.177060,-12208.024160
0.000000,0.000000
3726.180810,-12208.030770
0.000000,0.000000
3726.184530,-12208.037500
3726.184530,-12208.037500
3726.188570,-12208.044130
3726.188570,-12208.044130
0.000000,0.000000
3726.192560,-12208.050430
0.000000,0.000000
3726.196800,-12208.056960
0.000000,0.000000
3726.201310,-12208.063900
0.000000,0.000000
3726.205680,-12208.071170
3726.205680,-12208.071170
3726.210090,-12208.078560
3726.210090,-12208.078560
0.000000,0.000000
3726.214710,-12208.085820
0.000000,0.000000
3726.219750,-12208.092750
0.000000,0.000000
3726.224930,-12208.099670
0.000000,0.000000
3726.229650,-12208.106950
3726.229650,-12208.106950
3726.234180,-12208.114370
3726.234180,-12208.114370
0.000000,0.000000
3726.238740,-12208.121470
0.000000,0.000000
3726.243070,-12208.128990
0.000000,0.000000
3726.247650,-12208.136340
0.000000,0.000000
3726.252350,-12208.143900
3726.252350,-12208.143900
3726.257190,-12208.151400
3726.257190,-12208.151400
0.000000,0.000000
3726.261850,-12208.158970
0.000000,0.000000
3726.266540,-12208.166370
0.000000,0.000000
3726.271140,-12208.173700
0.000000,0.000000
3726.275920,-12208.181110
3726.275920,-12208.181110
3726.280560,-12208.188590
3726.280560,-12208.188590
0.000000,0.000000
3726.285240,-12208.195960
0.000000,0.000000
3726.289820,-12208.203730
0.000000,0.000000
3726.294310,-12208.211070
0.000000,0.000000
3726.298630,-12208.218040
3726.298630,-12208.218040
3726.302350,-12208.224120
3726.302350,-12208.224120
0.000000,0.000000
3726.306430,-12208.231640
0.000000,0.000000
3726.310800,-12208.238930
0.000000,0.000000
3726.314830,-12208.245560
0.000000,0.000000
3726.319100,-12208.252460
3726.319100,-12208.252460
3726.323440,-12208.259490
3726.323440,-12208.259490
0.000000,0.000000
3726.328090,-12208.266900
0.000000,0.000000
3726.332790,-12208.274120
0.000000,0.000000
3726.337560,-12208.281760
0.000000,0.000000
3726.342310,-12208.289340
3726.342310,-12208.289340
3726.346500,-12208.296710
3726.346500,-12208.296710
0.000000,0.000000
3726.351090,-12208.304190
0.000000,0.000000
3726.355770,-12208.311600
0.000000,0.000000
3726.360060,-12208.319300
0.000000,0.000000
3726.364400,-12208.326750
3726.364400,-12208.326750
3726.369030,-12208.333890
3726.369030,-12208.333890
3726.373350,-12208.341000
3726.373350,-12208.341000
0.000000,0.000000
3726.377740,-12208.347930
0.000000,0.000000
3726.382190,-12208.354960
0.000000,0.000000
3726.386530,-12208.362440
3726.386530,-12208.362440
3726.391310,-12208.369850
3726.391310,-12208.369850
3726.395940,-12208.377190
3726.395940,-12208.377190
0.000000,0.000000
3726.400910,-12208.384860
0.000000,0.000000
3726.405840,-12208.392810
0.000000,0.000000
3726.410970,-12208.400800
3726.410970,-12208.400800
3726.415770,-12208.408790
3726.415770,-12208.408790
3726.420500,-12208.416490
3726.420500,-12208.416490
0.000000,0.000000
3726.425220,-12208.424200
0.000000,0.000000
3726.429940,-12208.431620
0.000000,0.000000
3726.434400,-12208.439120
0.000000,0.000000
3726.438970,-12208.446510
3726.438970,-12208.446510
3726.443800,-12208.454030
3726.443800,-12208.454030
0.000000,0.000000
3726.448690,-12208.461430
0.000000,0.000000
3726.453100,-12208.469080
